trunk (101,138,-32)
trunk (106,142,-32)
trunk (107,136,-32)
trunk (108,136,-32)
trunk (107,141,-31)
trunk (109,141,-31)
trunk (111,136,-26)
trunk (111,136,-25)
trunk (104,136,-24)
trunk (105,136,-24)
trunk (104,136,-23)
trunk (105,136,-23)
trunk (107,139,-23)
trunk (105,139,-22)
trunk (107,139,-22)
trunk (108,135,-22)
trunk (109,136,-22)
trunk (110,141,-22)
trunk (107,140,-21)
trunk (108,135,-21)
trunk (109,135,-21)
trunk (108,140,-20)
trunk (109,142,-20)
trunk (110,140,-20)
trunk (100,136,-19)
trunk (102,136,-19)
trunk (108,143,-19)
trunk (109,143,-19)
trunk (101,134,-18)
trunk (102,135,-18)
trunk (103,138,-18)
trunk (101,134,-17)
trunk (102,135,-17)
trunk (103,138,-17)
