PATCHSET step=9 gif=27 origin=-13,-7 name=lush_caves_ceiling_vegetation n=324
PATCHDATA -203,10,-103;-203,11,-103;-202,4,-106;-202,9,-105;-202,10,-105;-202,9,-104;-202,10,-103;-202,11,-103;-202,10,-102;-202,10,-101;-202,11,-101;-202,9,-100;-202,10,-100;-202,9,-99;-202,10,-99;-202,9,-98;-202,10,-98;-202,9,-97;-201,9,-105;-201,9,-104;-201,10,-103;-201,11,-103;-201,10,-102;-201,11,-102;-201,10,-101;-201,10,-100;-201,9,-99;-201,9,-98;-201,10,-98;-201,9,-97;-201,9,-96;-200,8,-105;-200,9,-104;-200,10,-103;-200,11,-103;-200,10,-102;-200,10,-101;-200,11,-101;-200,10,-100;-200,11,-100;-200,9,-99;-200,10,-99;-200,9,-98;-200,9,-97;-199,3,-105;-199,8,-104;-199,9,-103;-199,10,-102;-199,10,-101;-199,11,-101;-199,10,-100;-199,9,-99;-199,10,-98;-199,9,-97;-199,10,-97;-199,9,-96;-199,10,-96;-198,4,-104;-198,5,-104;-198,8,-103;-198,9,-102;-198,10,-101;-198,11,-101;-198,9,-100;-198,10,-100;-198,10,-99;-198,11,-99;-198,9,-98;-198,10,-98;-198,10,-97;-198,9,-96;-198,10,-96;-197,3,-104;-197,4,-104;-197,5,-103;-197,6,-103;-197,8,-102;-197,9,-102;-197,9,-101;-197,10,-101;-197,10,-100;-197,10,-99;-197,11,-99;-197,10,-98;-197,11,-98;-197,11,-97;-197,11,-96;-196,3,-103;-196,4,-103;-196,5,-102;-196,8,-101;-196,9,-100;-196,10,-100;-196,10,-99;-196,11,-98;-196,12,-98;-196,11,-97;-196,12,-97;-195,4,-102;-195,5,-102;-195,6,-101;-195,8,-100;-195,9,-99;-195,10,-99;-195,10,-98;-195,11,-98;-195,11,-97;-195,12,-97;-194,3,-102;-194,4,-102;-194,4,-101;-194,5,-101;-194,5,-100;-194,8,-99;-194,9,-98;-194,10,-98;-194,10,-97;-193,3,-101;-193,4,-101;-193,4,-100;-193,5,-99;-193,6,-99;-193,9,-98;-193,10,-98;-193,9,-97;-193,10,-97;-193,10,-96;-192,3,-107;-192,3,-100;-192,4,-100;-192,4,-99;-192,6,-98;-192,8,-97;-192,9,-97;-191,9,-99;-191,10,-99;-191,9,-98;-205,5,-114;-205,5,-112;-205,5,-111;-205,3,-109;-204,5,-114;-204,5,-113;-204,6,-113;-204,5,-112;-204,5,-111;-204,6,-111;-204,4,-110;-204,5,-110;-204,3,-109;-204,-1,-108;-204,0,-107;-204,1,-107;-203,5,-114;-203,5,-113;-203,6,-113;-203,5,-112;-203,6,-112;-203,4,-111;-203,4,-110;-203,5,-110;-203,-1,-108;-203,0,-108;-203,0,-107;-202,5,-115;-202,6,-115;-202,5,-114;-202,5,-113;-202,6,-113;-202,4,-112;-202,5,-112;-202,4,-111;-202,3,-110;-202,4,-110;-202,2,-109;-202,3,-109;-202,-1,-108;-202,0,-107;-201,5,-114;-201,6,-114;-201,5,-113;-201,6,-113;-201,4,-112;-201,4,-111;-201,3,-110;-201,4,-110;-201,2,-109;-201,3,-109;-201,-1,-108;-201,0,-107;-201,1,-107;-201,2,-106;-200,5,-115;-200,6,-115;-200,5,-114;-200,6,-114;-200,4,-113;-200,4,-112;-200,5,-112;-200,3,-111;-200,3,-110;-200,4,-110;-200,2,-109;-200,3,-109;-200,-1,-108;-200,0,-107;-200,2,-106;-200,3,-106;-199,5,-115;-199,4,-114;-199,5,-114;-199,4,-113;-199,3,-111;-199,4,-111;-199,2,-110;-199,3,-110;-199,1,-109;-199,2,-109;-199,-1,-108;-199,0,-107;-199,1,-106;-198,5,-115;-198,4,-114;-198,5,-114;-198,4,-113;-198,5,-113;-198,3,-112;-198,3,-111;-198,4,-111;-198,2,-110;-198,1,-109;-198,2,-109;-198,-1,-108;-198,-1,-107;-198,0,-107;-198,0,-106;-198,1,-106;-198,2,-105;-198,3,-105;-197,4,-115;-197,5,-115;-197,4,-114;-197,3,-113;-197,4,-113;-197,3,-112;-197,2,-111;-197,3,-111;-197,2,-110;-197,1,-109;-197,-1,-108;-197,0,-108;-197,-1,-107;-197,0,-107;-197,0,-106;-197,1,-105;-196,4,-114;-196,3,-113;-196,4,-113;-196,2,-112;-196,3,-112;-196,2,-111;-196,1,-110;-196,2,-110;-196,0,-109;-196,1,-109;-196,-1,-108;-196,0,-108;-196,-1,-107;-196,0,-107;-196,-1,-106;-196,0,-106;-196,1,-105;-196,2,-105;-196,2,-104;-196,3,-104;-195,4,-115;-195,5,-115;-195,4,-114;-195,5,-114;-195,3,-113;-195,4,-113;-195,2,-112;-195,3,-112;-195,2,-111;-195,3,-111;-195,1,-110;-195,0,-109;-195,1,-109;-195,-1,-108;-195,0,-108;-195,-2,-107;-195,-2,-106;-195,1,-104;-195,2,-103;-195,3,-103;-194,4,-114;-194,3,-113;-194,4,-113;-194,2,-112;-194,3,-112;-194,1,-111;-194,1,-110;-194,0,-109;-194,-2,-108;-194,-1,-108;-194,-1,-107;-194,0,-107;-194,-2,-106;-194,-1,-106;-194,-3,-105;-194,-2,-105;-194,-4,-104;-194,-3,-104;-194,2,-103;-194,3,-103;-193,4,-114;-193,3,-113;-193,2,-112;-193,3,-112;-193,1,-111;-193,0,-110;-193,1,-110;-193,1,-108;-193,2,-102
PATCHSET step=9 gif=30 origin=-13,-7 name=lush_caves_vegetation n=0
PATCHDATA 
PATCHSET step=9 gif=30 origin=-13,-7 name=lush_caves_vegetation n=261
PATCHDATA -212,-14,-110;-212,-16,-107;-212,-17,-104;-212,-17,-102;-211,-10,-113;-211,-11,-112;-211,-12,-111;-211,-14,-110;-211,-15,-109;-211,-16,-108;-211,-16,-107;-211,-16,-106;-211,-16,-105;-211,-16,-104;-211,-17,-103;-210,-9,-114;-210,-11,-113;-210,-12,-112;-210,-13,-111;-210,-14,-110;-210,-15,-109;-210,-16,-108;-210,-16,-107;-210,-16,-106;-210,-15,-105;-210,-15,-104;-210,-14,-103;-209,-11,-113;-209,-12,-112;-209,-13,-111;-209,-14,-110;-209,-15,-109;-209,-15,-108;-209,-15,-107;-209,-15,-106;-209,-15,-105;-209,-14,-104;-208,-12,-113;-208,-13,-112;-208,-13,-111;-208,-14,-110;-208,-14,-109;-208,-15,-108;-208,-15,-107;-208,-14,-106;-208,-14,-105;-208,-12,-104;-207,-13,-113;-207,-13,-112;-207,-13,-111;-207,-14,-110;-207,-14,-109;-207,-14,-108;-207,-14,-107;-207,-14,-106;-207,-13,-105;-207,-10,-104;-206,-13,-113;-206,-13,-112;-206,-14,-111;-206,-14,-110;-206,-14,-109;-206,-14,-108;-206,-13,-107;-206,-13,-106;-206,-11,-105;-205,-13,-113;-205,-14,-112;-205,-14,-111;-205,-14,-110;-205,-13,-109;-205,-13,-108;-205,-13,-107;-205,-12,-106;-205,-10,-105;-204,-14,-113;-204,-14,-112;-204,-14,-111;-204,-13,-110;-204,-13,-109;-204,-13,-108;-204,-12,-107;-204,-11,-106;-204,-9,-105;-203,-14,-113;-203,-14,-112;-203,-14,-111;-203,-13,-110;-203,-13,-109;-203,-13,-108;-203,-12,-107;-203,-10,-106;-202,-14,-111;-202,-13,-109;-208,-2,-103;-208,2,-101;-207,-2,-103;-207,0,-102;-207,1,-101;-207,2,-100;-207,3,-99;-206,-7,-104;-206,-2,-103;-206,0,-102;-206,1,-101;-206,1,-100;-206,2,-99;-206,3,-98;-205,-5,-104;-205,-2,-103;-205,-1,-102;-205,0,-101;-205,1,-100;-205,2,-99;-205,3,-98;-205,3,-97;-204,-4,-104;-204,-2,-103;-204,-1,-102;-204,-1,-101;-204,0,-100;-204,1,-99;-204,2,-98;-204,3,-97;-203,-6,-105;-203,-3,-104;-203,-2,-103;-203,-2,-102;-203,-1,-101;-203,-1,-100;-203,0,-99;-203,2,-98;-203,2,-97;-202,-4,-105;-202,-3,-104;-202,-2,-103;-202,-2,-102;-202,-2,-101;-202,-2,-100;-202,-1,-99;-202,1,-98;-202,2,-97;-201,-3,-105;-201,-3,-104;-201,-2,-103;-201,-2,-102;-201,-2,-101;-201,-2,-100;-201,-1,-99;-201,0,-98;-201,1,-97;-201,2,-96;-200,-3,-105;-200,-2,-104;-200,-2,-103;-200,-2,-102;-200,-3,-101;-200,-3,-100;-200,-2,-99;-200,-1,-98;-200,1,-97;-199,-3,-105;-199,-2,-104;-199,-2,-103;-199,-3,-102;-199,-3,-101;-199,-3,-100;-199,-2,-99;-199,-1,-98;-199,0,-97;-199,1,-96;-198,-3,-105;-198,-2,-104;-198,-2,-103;-198,-3,-102;-198,-3,-101;-198,-3,-100;-198,-2,-99;-198,-1,-98;-198,-1,-97;-197,-3,-105;-197,-2,-104;-197,-3,-103;-197,-3,-102;-197,-3,-101;-197,-3,-100;-197,-2,-99;-197,-2,-98;-197,-1,-97;-196,-4,-105;-196,-2,-104;-196,-3,-103;-196,-3,-102;-196,-3,-101;-196,-3,-100;-196,-2,-99;-196,-2,-98;-196,-2,-97;-196,-1,-96;-195,-2,-104;-195,-2,-103;-195,-3,-102;-195,-3,-101;-195,-3,-100;-195,-2,-99;-195,-2,-98;-195,-2,-97;-194,-1,-104;-194,-2,-103;-194,-2,-102;-194,-3,-101;-194,-3,-100;-194,-3,-99;-194,-2,-98;-194,-2,-97;-193,-1,-103;-193,-2,-102;-193,-3,-101;-193,-3,-100;-193,-3,-99;-193,-2,-98;-193,-2,-97;-192,-2,-102;-192,-3,-97;-198,-9,-106;-198,-8,-97;-198,-8,-96;-198,-8,-95;-197,-9,-106;-197,-8,-97;-197,-8,-96;-196,-8,-98;-196,-8,-97;-196,-8,-96;-195,-10,-106;-195,-8,-97;-195,-8,-96;-194,-10,-106;-194,-9,-104;-194,-10,-103;-194,-8,-96;-193,-10,-106;-193,-9,-105;-193,-10,-104;-193,-11,-103;-193,-12,-102;-193,-13,-101;-192,-10,-106;-192,-10,-105;-192,-13,-102;-192,-14,-101;-192,-14,-100;-192,-14,-99;-191,-9,-106;-191,-14,-102;-191,-15,-101;-191,-15,-100;-191,-16,-99;-191,-16,-98;-190,-9,-106;-190,-16,-100
PATCHSET step=9 gif=27 origin=-12,-7 name=lush_caves_ceiling_vegetation n=685
PATCHDATA -187,10,-110;-187,11,-110;-187,11,-106;-186,10,-111;-186,11,-110;-186,12,-110;-186,12,-109;-186,13,-108;-186,14,-108;-186,13,-107;-186,14,-106;-186,12,-105;-186,13,-105;-186,12,-104;-186,13,-104;-186,12,-103;-186,12,-102;-186,13,-102;-186,12,-101;-186,12,-100;-186,13,-100;-185,11,-112;-185,11,-111;-185,12,-111;-185,12,-110;-185,13,-110;-185,14,-109;-185,15,-108;-185,15,-107;-185,16,-107;-185,12,-106;-185,12,-105;-185,13,-104;-185,14,-104;-185,12,-103;-185,12,-102;-185,12,-101;-184,12,-112;-184,12,-111;-184,13,-110;-184,14,-110;-184,15,-109;-184,17,-108;-184,18,-108;-184,18,-107;-184,19,-107;-184,13,-106;-184,13,-105;-184,14,-105;-184,13,-104;-184,13,-103;-184,14,-103;-184,13,-102;-184,12,-101;-183,13,-111;-183,17,-108;-183,18,-108;-183,13,-107;-183,13,-106;-183,14,-105;-183,15,-105;-183,14,-104;-183,13,-103;-183,14,-103;-183,13,-102;-183,13,-101;-183,14,-101;-182,14,-111;-182,15,-110;-182,16,-110;-182,16,-109;-182,17,-109;-182,18,-108;-182,19,-108;-182,14,-107;-182,14,-106;-182,15,-106;-182,14,-105;-182,15,-105;-182,14,-104;-182,15,-104;-182,14,-103;-182,14,-102;-182,13,-101;-182,14,-101;-181,15,-111;-181,16,-111;-181,16,-110;-181,17,-109;-181,18,-109;-181,17,-108;-181,18,-108;-181,17,-107;-181,18,-107;-181,15,-106;-181,16,-106;-181,15,-105;-181,16,-105;-181,15,-104;-181,16,-104;-181,15,-103;-181,14,-102;-181,15,-102;-180,16,-112;-180,16,-111;-180,16,-110;-180,17,-110;-180,17,-109;-180,16,-108;-180,16,-107;-180,15,-106;-180,15,-105;-180,16,-104;-180,15,-103;-180,16,-103;-180,15,-102;-180,16,-102;-180,14,-101;-179,17,-112;-179,17,-111;-179,17,-110;-179,16,-109;-179,17,-109;-179,16,-108;-179,16,-107;-179,16,-106;-179,16,-105;-179,16,-104;-179,16,-103;-179,15,-102;-179,15,-101;-179,16,-101;-178,17,-111;-178,16,-110;-178,16,-109;-178,17,-109;-178,16,-108;-178,16,-107;-178,15,-106;-178,16,-106;-178,15,-105;-178,16,-105;-178,15,-104;-178,16,-104;-178,15,-103;-178,16,-103;-178,15,-102;-178,16,-102;-178,15,-101;-178,16,-101;-178,16,-100;-177,17,-111;-177,18,-111;-177,15,-103;-177,16,-103;-183,13,-100;-183,14,-100;-183,12,-97;-183,13,-97;-183,12,-96;-183,11,-95;-182,13,-100;-182,13,-99;-182,14,-99;-182,13,-98;-182,12,-97;-182,12,-96;-182,13,-96;-182,12,-95;-182,13,-95;-182,11,-94;-181,14,-100;-181,15,-100;-181,13,-99;-181,13,-98;-181,14,-98;-181,12,-97;-181,12,-96;-181,12,-95;-181,12,-94;-181,13,-94;-180,14,-100;-180,14,-99;-180,13,-98;-180,14,-98;-180,13,-97;-180,14,-97;-180,12,-96;-180,12,-95;-180,12,-94;-179,15,-100;-179,14,-99;-179,15,-99;-179,14,-98;-179,13,-97;-179,14,-97;-179,13,-96;-179,14,-96;-179,12,-95;-179,12,-94;-178,15,-99;-178,16,-99;-178,15,-98;-178,16,-98;-178,14,-97;-178,13,-96;-178,13,-95;-178,14,-95;-178,12,-94;-177,16,-102;-177,16,-101;-177,17,-101;-177,17,-100;-177,18,-100;-177,16,-99;-177,15,-98;-177,15,-97;-177,14,-96;-177,13,-95;-177,13,-94;-177,12,-93;-176,16,-102;-176,16,-101;-176,17,-100;-176,18,-100;-176,19,-99;-176,20,-99;-176,16,-98;-176,15,-97;-176,16,-97;-176,15,-96;-176,14,-95;-176,15,-95;-176,13,-94;-176,14,-94;-176,12,-93;-176,13,-93;-175,17,-102;-175,16,-101;-175,17,-101;-175,18,-100;-175,19,-99;-175,20,-98;-175,16,-97;-175,16,-96;-175,15,-95;-175,16,-95;-175,14,-94;-174,17,-102;-174,16,-101;-174,17,-101;-174,17,-100;-174,18,-100;-174,19,-99;-174,20,-99;-174,20,-98;-174,21,-98;-174,16,-95;-174,15,-94;-174,16,-94;-173,18,-102;-173,19,-102;-173,18,-101;-173,19,-101;-173,18,-100;-173,19,-99;-173,20,-98;-173,15,-94;-173,16,-94;-172,19,-102;-172,20,-102;-172,18,-101;-172,18,-100;-172,19,-99;-188,25,-106;-188,26,-106;-188,25,-105;-188,25,-104;-187,26,-112;-187,26,-111;-187,27,-111;-187,26,-110;-187,25,-109;-187,25,-108;-187,26,-108;-187,26,-107;-187,26,-106;-187,27,-106;-187,26,-105;-187,27,-105;-187,26,-104;-187,26,-103;-187,27,-103;-187,25,-102;-187,26,-102;-187,25,-97;-186,27,-111;-186,27,-110;-186,27,-109;-186,28,-109;-186,27,-108;-186,28,-108;-186,27,-107;-186,28,-107;-186,27,-106;-186,27,-105;-186,27,-104;-186,28,-104;-186,27,-103;-186,26,-102;-186,26,-101;-186,27,-101;-186,25,-100;-186,26,-97;-186,27,-97;-185,29,-112;-185,30,-112;-185,29,-111;-185,30,-111;-185,29,-110;-185,30,-110;-185,28,-109;-185,29,-109;-185,28,-108;-185,29,-108;-185,28,-107;-185,29,-107;-185,28,-106;-185,29,-106;-185,28,-105;-185,29,-105;-185,29,-104;-185,30,-104;-185,28,-103;-185,28,-102;-185,29,-102;-185,28,-101;-185,27,-100;-185,28,-100;-185,26,-99;-185,25,-98;-185,26,-98;-185,26,-97;-185,27,-97;-185,26,-96;-184,31,-112;-184,31,-111;-184,32,-111;-184,30,-110;-184,31,-110;-184,30,-109;-184,31,-109;-184,30,-108;-184,31,-108;-184,30,-107;-184,30,-106;-184,30,-105;-184,31,-105;-184,30,-104;-184,31,-104;-184,30,-103;-184,31,-103;-184,30,-102;-184,30,-101;-184,31,-101;-184,30,-100;-184,29,-99;-184,30,-99;-184,28,-98;-184,25,-97;-184,26,-97;-183,32,-111;-183,32,-110;-183,32,-109;-183,31,-108;-183,32,-108;-183,31,-107;-183,32,-106;-183,32,-105;-183,32,-104;-183,32,-103;-183,33,-103;-183,32,-102;-183,33,-102;-183,33,-101;-183,34,-101;-183,33,-100;-183,33,-99;-183,33,-98;-183,32,-97;-182,33,-111;-182,34,-111;-182,33,-110;-182,33,-109;-182,33,-108;-182,33,-107;-182,34,-107;-182,33,-106;-182,34,-106;-182,33,-105;-182,34,-105;-182,33,-104;-182,33,-103;-182,34,-103;-182,33,-102;-182,34,-102;-182,33,-101;-182,34,-101;-182,33,-100;-182,33,-99;-182,33,-98;-182,34,-98;-182,33,-97;-181,33,-111;-181,33,-110;-181,34,-110;-181,33,-109;-181,34,-109;-181,33,-108;-181,33,-107;-181,33,-106;-181,33,-105;-181,34,-105;-181,33,-104;-181,33,-103;-181,34,-103;-181,34,-102;-181,34,-101;-181,34,-100;-181,34,-99;-181,33,-98;-181,34,-98;-181,34,-97;-181,35,-97;-180,34,-111;-180,34,-110;-180,34,-109;-180,34,-108;-180,34,-107;-180,34,-106;-180,35,-106;-180,34,-105;-180,35,-105;-180,34,-104;-180,34,-103;-180,35,-103;-180,34,-102;-180,35,-102;-180,34,-101;-180,34,-100;-180,34,-99;-180,35,-99;-180,34,-98;-180,35,-98;-180,34,-97;-180,35,-97;-179,33,-112;-179,34,-112;-179,34,-111;-179,34,-110;-179,34,-109;-179,34,-108;-179,34,-107;-179,34,-106;-179,35,-106;-179,34,-105;-179,35,-105;-179,34,-104;-179,35,-104;-179,34,-103;-179,35,-103;-179,34,-102;-179,35,-102;-179,34,-101;-179,34,-100;-179,35,-100;-179,34,-99;-179,34,-98;-179,34,-97;-178,34,-110;-178,35,-108;-178,34,-102;-178,35,-102;-178,33,-100;-178,34,-100;-178,34,-98;-178,35,-98;-193,-23,-104;-193,-22,-104;-192,-22,-105;-192,-21,-105;-192,-21,-104;-192,-20,-104;-192,-22,-103;-192,-23,-102;-191,-21,-105;-191,-20,-105;-191,-21,-104;-191,-20,-104;-191,-22,-103;-191,-23,-102;-191,-22,-102;-191,-23,-101;-191,-23,-100;-190,-20,-106;-190,-19,-106;-190,-21,-105;-190,-21,-104;-190,-20,-104;-190,-21,-103;-190,-20,-103;-190,-22,-102;-190,-22,-101;-190,-21,-101;-190,-22,-100;-190,-21,-100;-190,-23,-99;-190,-23,-98;-190,-23,-97;-190,-23,-96;-189,-20,-105;-189,-20,-104;-189,-21,-103;-189,-21,-102;-189,-21,-101;-189,-20,-101;-189,-21,-100;-189,-20,-100;-189,-22,-99;-189,-22,-98;-189,-22,-97;-189,-21,-97;-189,-23,-96;-189,-22,-96;-189,-23,-95;-188,-19,-105;-188,-19,-104;-188,-18,-104;-188,-20,-103;-188,-20,-102;-188,-20,-101;-188,-19,-101;-188,-20,-100;-188,-21,-99;-188,-20,-99;-188,-21,-98;-188,-20,-98;-188,-21,-97;-188,-20,-97;-188,-22,-96;-188,-21,-96;-188,-22,-95;-188,-21,-95;-187,-19,-105;-187,-18,-105;-187,-19,-104;-187,-18,-104;-187,-19,-103;-187,-18,-103;-187,-20,-102;-187,-20,-101;-187,-20,-100;-187,-19,-100;-187,-20,-99;-187,-20,-98;-187,-19,-98;-187,-21,-97;-187,-17,-96;-187,-16,-96;-187,-16,-95;-187,-15,-95;-187,-17,-94;-186,-19,-106;-186,-19,-105;-186,-20,-104;-186,-19,-104;-186,-19,-103;-186,-18,-103;-186,-19,-102;-186,-18,-102;-186,-19,-101;-186,-18,-101;-186,-19,-100;-186,-18,-100;-186,-19,-99;-186,-20,-98;-186,-19,-98;-186,-20,-97;-186,-20,-96;-186,-19,-96;-186,-20,-95;-185,-19,-106;-185,-18,-106;-185,-20,-105;-185,-20,-104;-185,-19,-103;-185,-18,-103;-185,-18,-102;-185,-18,-101;-185,-18,-100;-185,-17,-100;-185,-19,-99;-185,-18,-99;-185,-19,-98;-185,-19,-97;-185,-19,-96;-185,-20,-95;-185,-19,-95;-184,-20,-105;-184,-19,-105;-184,-21,-104;-184,-20,-104;-184,-19,-103;-184,-18,-103;-184,-18,-102;-184,-17,-102;-184,-18,-101;-184,-17,-100;-184,-18,-99;-184,-17,-99;-184,-18,-98;-184,-17,-98;-184,-19,-97;-184,-18,-97;-184,-19,-96;-184,-18,-96;-184,-19,-95;-183,-20,-105;-183,-19,-105;-183,-21,-104;-183,-19,-103;-183,-18,-103;-183,-18,-102;-183,-17,-102;-183,-18,-101;-183,-17,-100;-183,-16,-100;-183,-18,-99;-183,-18,-98;-183,-17,-98;-183,-18,-97;-183,-18,-96;-183,-19,-95;-183,-19,-94;-182,-21,-105;-182,-22,-104;-182,-19,-103;-182,-18,-103;-182,-18,-102;-182,-17,-100;-182,-16,-100;-182,-18,-99;-182,-17,-99;-182,-18,-98;-182,-18,-97;-182,-18,-96;-182,-17,-96;-182,-18,-95;-181,-21,-105;-181,-22,-104;-181,-21,-104;-181,-19,-103;-181,-18,-102;-181,-18,-101;-181,-17,-100;-181,-16,-100;-181,-18,-99;-181,-18,-98;-181,-17,-98;-181,-18,-97;-181,-17,-97;-181,-18,-96;-181,-18,-95;-181,-17,-95;-181,-18,-94;-180,-23,-104;-180,-22,-104;-180,-19,-103;-180,-18,-101;-180,-17,-100;-180,-16,-100;-180,-17,-97;-180,-16,-97;-180,-17,-96;-180,-16,-96
PATCHSET step=9 gif=30 origin=-12,-7 name=lush_caves_vegetation n=0
PATCHDATA 
PATCHSET step=9 gif=30 origin=-12,-7 name=lush_caves_vegetation n=277
PATCHDATA -191,-25,-104;-190,-25,-104;-190,-25,-103;-190,-25,-102;-190,-25,-101;-190,-25,-100;-190,-25,-99;-190,-25,-98;-190,-25,-97;-190,-25,-96;-189,-25,-104;-189,-25,-103;-189,-26,-102;-189,-26,-101;-189,-26,-100;-189,-26,-99;-189,-26,-98;-189,-26,-97;-189,-26,-96;-189,-26,-95;-189,-27,-94;-188,-25,-104;-188,-26,-103;-188,-26,-102;-188,-26,-101;-188,-27,-100;-188,-27,-99;-188,-27,-98;-188,-27,-97;-188,-27,-96;-188,-28,-95;-188,-28,-94;-187,-25,-104;-187,-26,-103;-187,-26,-102;-187,-27,-101;-187,-27,-100;-187,-27,-99;-187,-28,-98;-187,-28,-97;-187,-28,-96;-187,-29,-95;-187,-30,-94;-186,-25,-104;-186,-26,-103;-186,-26,-102;-186,-27,-101;-186,-28,-100;-186,-28,-99;-186,-28,-98;-186,-29,-97;-186,-30,-96;-186,-31,-95;-186,-32,-94;-185,-25,-105;-185,-25,-104;-185,-26,-103;-185,-27,-102;-185,-27,-101;-185,-28,-100;-185,-29,-99;-185,-29,-98;-185,-30,-97;-185,-31,-96;-185,-32,-95;-185,-33,-94;-184,-25,-104;-184,-26,-103;-184,-27,-102;-184,-28,-101;-184,-28,-100;-184,-29,-99;-184,-30,-98;-184,-31,-97;-184,-32,-96;-184,-33,-95;-184,-33,-94;-184,-33,-93;-183,-25,-104;-183,-26,-103;-183,-27,-102;-183,-28,-101;-183,-28,-100;-183,-29,-99;-183,-30,-98;-183,-31,-97;-183,-32,-96;-183,-32,-95;-183,-33,-94;-182,-25,-105;-182,-25,-104;-182,-26,-103;-182,-27,-102;-182,-28,-101;-182,-28,-100;-182,-29,-99;-182,-30,-98;-182,-31,-97;-182,-31,-96;-182,-32,-95;-182,-33,-94;-181,-25,-104;-181,-26,-103;-181,-27,-102;-181,-28,-101;-181,-28,-100;-181,-29,-99;-181,-30,-98;-181,-31,-97;-181,-31,-96;-181,-32,-95;-181,-32,-94;-181,-33,-93;-180,-25,-105;-180,-25,-104;-180,-26,-103;-180,-27,-102;-180,-28,-101;-180,-28,-100;-180,-29,-99;-180,-30,-98;-180,-31,-97;-180,-31,-96;-180,-32,-95;-180,-32,-94;-179,-25,-104;-179,-27,-103;-179,-27,-102;-179,-28,-101;-179,-28,-100;-179,-29,-99;-179,-29,-98;-179,-30,-97;-179,-31,-96;-179,-31,-95;-179,-31,-94;-178,-26,-105;-178,-26,-104;-178,-27,-103;-178,-28,-102;-178,-28,-101;-178,-28,-100;-178,-29,-99;-178,-29,-98;-178,-30,-97;-178,-30,-96;-178,-30,-95;-178,-31,-94;-177,-27,-104;-177,-28,-103;-177,-29,-98;-177,-30,-95;-189,0,-110;-189,0,-109;-189,4,-108;-189,3,-107;-189,2,-106;-189,2,-105;-188,1,-111;-188,1,-110;-188,2,-109;-188,3,-108;-188,2,-107;-188,2,-106;-188,1,-105;-187,0,-112;-187,2,-111;-187,2,-110;-187,2,-109;-187,2,-108;-187,2,-107;-187,1,-106;-187,1,-105;-187,1,-104;-186,0,-112;-186,1,-111;-186,1,-110;-186,2,-109;-186,2,-108;-186,2,-107;-186,1,-106;-186,1,-105;-186,1,-104;-185,0,-112;-185,1,-111;-185,1,-110;-185,2,-109;-185,2,-108;-185,2,-107;-185,1,-106;-185,1,-105;-184,0,-112;-184,1,-111;-184,1,-110;-184,1,-109;-184,2,-108;-184,1,-107;-184,1,-106;-184,1,-105;-184,1,-104;-183,0,-111;-183,1,-110;-183,1,-109;-183,1,-108;-183,1,-107;-183,1,-106;-183,1,-105;-182,0,-111;-182,0,-110;-182,1,-109;-182,1,-108;-182,1,-107;-182,1,-106;-182,1,-105;-182,1,-104;-181,0,-110;-181,0,-109;-181,1,-108;-181,1,-107;-181,1,-106;-181,1,-105;-181,1,-104;-181,1,-103;-181,1,-102;-181,0,-101;-181,0,-100;-180,0,-110;-180,0,-109;-180,0,-108;-180,1,-107;-180,1,-106;-180,1,-105;-180,1,-104;-180,1,-103;-180,1,-102;-180,0,-101;-179,0,-109;-179,0,-108;-179,0,-107;-179,1,-106;-179,1,-105;-179,1,-104;-179,1,-103;-179,1,-102;-179,0,-101;-179,0,-100;-178,0,-108;-178,0,-107;-178,1,-104;-178,1,-101;-189,-16,-117;-187,-16,-117;-187,-13,-107;-186,-13,-107;-185,-12,-107;-184,-12,-107;-183,-13,-107;-182,-13,-107;-181,-13,-107;-181,-11,-106;-180,-12,-106;-179,-13,-107;-179,-12,-106;-178,-12,-106;-178,-11,-105;-191,-14,-97;-190,-16,-101;-190,-17,-99;-190,-18,-98;-190,-18,-97;-190,-19,-96;-189,-18,-99;-189,-19,-98;-189,-19,-97;-189,-20,-96;-189,-20,-95;-189,-19,-94
PATCHSET step=9 gif=27 origin=-11,-7 name=lush_caves_ceiling_vegetation n=1294
PATCHDATA -174,18,-106;-174,19,-106;-174,18,-104;-174,19,-104;-173,19,-107;-173,20,-107;-173,19,-106;-173,20,-106;-173,19,-105;-173,20,-105;-173,18,-104;-173,19,-104;-173,18,-103;-173,21,-97;-173,22,-97;-172,20,-106;-172,19,-105;-172,20,-105;-172,19,-104;-172,20,-104;-172,19,-103;-172,20,-103;-172,21,-98;-172,22,-98;-172,21,-97;-172,22,-97;-171,20,-106;-171,21,-106;-171,20,-105;-171,20,-104;-171,21,-104;-171,20,-103;-171,19,-102;-171,19,-101;-171,18,-100;-171,19,-99;-171,21,-98;-170,21,-107;-170,22,-107;-170,21,-106;-170,22,-106;-170,21,-105;-170,21,-104;-170,20,-103;-170,20,-102;-170,21,-102;-170,20,-101;-170,20,-100;-170,19,-99;-170,21,-98;-170,22,-98;-170,21,-97;-170,22,-97;-169,22,-107;-169,22,-106;-169,21,-105;-169,21,-104;-169,21,-103;-169,22,-103;-169,21,-102;-169,22,-102;-169,21,-101;-169,20,-100;-169,21,-100;-169,19,-99;-169,20,-98;-169,21,-97;-169,22,-97;-168,22,-106;-168,22,-105;-168,22,-104;-168,22,-103;-168,21,-102;-168,22,-102;-168,21,-101;-168,21,-100;-168,21,-99;-168,22,-99;-168,21,-98;-167,22,-103;-167,22,-102;-167,22,-101;-167,22,-100;-167,21,-99;-167,20,-98;-167,21,-98;-166,22,-100;-166,21,-99;-166,20,-98;-165,27,-106;-165,28,-106;-165,22,-100;-165,21,-99;-165,19,-98;-165,20,-98;-164,25,-106;-164,25,-105;-164,26,-105;-164,25,-104;-164,26,-104;-164,26,-103;-164,21,-100;-164,20,-99;-164,18,-98;-163,24,-106;-163,25,-106;-163,24,-105;-163,25,-105;-163,25,-104;-163,25,-103;-163,25,-102;-163,26,-102;-163,21,-100;-163,19,-99;-163,17,-98;-163,18,-98;-162,24,-106;-162,24,-105;-162,24,-104;-162,24,-103;-162,25,-103;-162,25,-102;-162,21,-101;-162,18,-100;-161,23,-106;-161,23,-105;-161,23,-104;-161,23,-103;-161,24,-103;-161,20,-102;-161,18,-101;-160,22,-105;-160,23,-105;-172,33,-99;-172,32,-97;-172,33,-97;-172,33,-95;-172,33,-93;-172,34,-92;-171,33,-107;-171,33,-106;-171,33,-105;-171,34,-105;-171,33,-104;-171,33,-103;-171,34,-103;-171,33,-102;-171,33,-101;-171,33,-100;-171,33,-99;-171,34,-99;-171,32,-98;-171,33,-98;-171,31,-97;-171,32,-97;-171,32,-96;-171,32,-95;-171,33,-94;-171,33,-93;-171,34,-93;-171,33,-92;-171,34,-92;-170,33,-107;-170,33,-106;-170,33,-105;-170,33,-104;-170,34,-104;-170,33,-103;-170,33,-102;-170,34,-102;-170,33,-101;-170,33,-100;-170,32,-99;-170,31,-98;-170,32,-97;-170,32,-96;-170,32,-95;-170,33,-95;-170,32,-94;-170,32,-93;-170,33,-92;-169,33,-106;-169,33,-105;-169,34,-105;-169,33,-104;-169,33,-103;-169,33,-102;-169,33,-101;-169,33,-100;-169,32,-99;-169,33,-99;-169,31,-98;-169,32,-98;-169,31,-97;-169,32,-97;-169,31,-96;-169,32,-95;-169,32,-94;-169,32,-93;-169,33,-93;-169,32,-92;-169,32,-91;-169,33,-91;-168,33,-106;-168,33,-105;-168,33,-104;-168,34,-104;-168,33,-103;-168,34,-103;-168,33,-102;-168,33,-101;-168,32,-100;-168,33,-100;-168,31,-99;-168,32,-99;-168,31,-98;-168,31,-97;-168,31,-95;-168,31,-94;-168,32,-93;-168,33,-93;-168,32,-92;-167,33,-106;-167,33,-105;-167,33,-104;-167,33,-103;-167,33,-102;-167,33,-101;-167,32,-100;-167,31,-99;-167,30,-98;-167,30,-97;-167,31,-96;-167,32,-96;-167,31,-95;-167,31,-94;-167,31,-93;-167,32,-93;-167,31,-92;-167,31,-91;-167,32,-91;-166,32,-106;-166,33,-106;-166,32,-105;-166,33,-105;-166,32,-104;-166,32,-103;-166,32,-102;-166,33,-102;-166,32,-101;-166,33,-101;-166,31,-100;-166,30,-99;-166,30,-98;-166,31,-98;-166,30,-97;-166,31,-97;-166,31,-96;-166,31,-95;-166,32,-95;-166,31,-94;-166,32,-94;-166,32,-93;-166,33,-92;-165,28,-105;-165,29,-105;-165,30,-104;-165,31,-104;-165,31,-103;-165,32,-103;-165,32,-102;-165,33,-102;-165,32,-101;-165,33,-101;-165,31,-100;-165,32,-100;-165,31,-99;-165,30,-98;-165,31,-98;-165,30,-97;-165,32,-96;-165,33,-96;-165,33,-95;-165,33,-94;-165,34,-93;-165,35,-93;-165,35,-92;-164,28,-102;-164,28,-101;-164,29,-101;-164,31,-100;-164,32,-100;-164,32,-99;-164,33,-98;-164,34,-98;-164,33,-97;-164,34,-97;-164,34,-96;-164,35,-96;-164,35,-95;-164,36,-95;-163,28,-101;-163,29,-101;-163,29,-100;-163,34,-99;-163,35,-99;-163,35,-98;-162,27,-101;-162,28,-101;-162,30,-100;-161,26,-101;-161,27,-101;-161,30,-100;-161,31,-100;-160,26,-101;-160,29,-100;-160,30,-100;-161,24,-102;-161,25,-102;-160,24,-102;-160,25,-102;-159,25,-102;-159,26,-102;-159,26,-101;-159,28,-100;-159,29,-100;-158,24,-103;-158,25,-103;-158,25,-102;-158,26,-102;-158,26,-101;-158,27,-101;-158,28,-100;-158,29,-100;-158,31,-99;-157,25,-102;-157,27,-101;-182,-18,-108;-182,-19,-107;-182,-20,-106;-182,-19,-106;-181,-18,-108;-181,-19,-107;-181,-20,-106;-180,-18,-108;-180,-19,-107;-180,-18,-107;-180,-20,-106;-180,-21,-105;-180,-20,-105;-180,-18,-102;-180,-17,-102;-180,-17,-99;-180,-16,-99;-180,-17,-98;-179,-19,-107;-179,-18,-107;-179,-20,-106;-179,-20,-105;-179,-21,-104;-179,-19,-103;-179,-18,-103;-179,-18,-102;-179,-17,-102;-179,-18,-101;-179,-17,-101;-179,-17,-100;-179,-16,-100;-179,-17,-99;-179,-17,-98;-179,-17,-97;-178,-19,-107;-178,-20,-106;-178,-19,-106;-178,-20,-105;-178,-20,-104;-178,-19,-104;-178,-19,-103;-178,-18,-103;-178,-18,-101;-178,-17,-101;-178,-17,-100;-178,-16,-100;-178,-17,-99;-178,-16,-99;-178,-17,-98;-178,-16,-98;-178,-17,-97;-178,-16,-97;-177,-19,-107;-177,-18,-107;-177,-19,-106;-177,-18,-106;-177,-19,-105;-177,-19,-104;-177,-18,-104;-177,-19,-103;-177,-18,-102;-177,-17,-102;-177,-18,-101;-177,-17,-100;-177,-17,-99;-177,-16,-99;-177,-17,-98;-177,-16,-98;-177,-17,-97;-177,-16,-97;-176,-20,-107;-176,-19,-106;-176,-19,-105;-176,-18,-105;-176,-19,-104;-176,-18,-103;-176,-18,-102;-176,-18,-101;-176,-17,-100;-176,-17,-99;-176,-16,-99;-176,-17,-98;-176,-16,-98;-176,-17,-97;-176,-16,-97;-175,-19,-107;-175,-19,-106;-175,-19,-105;-175,-18,-105;-175,-19,-104;-175,-18,-103;-175,-18,-102;-175,-17,-102;-175,-18,-101;-175,-18,-100;-175,-17,-100;-175,-18,-99;-175,-18,-98;-175,-18,-97;-175,-17,-97;-174,-19,-107;-174,-19,-106;-174,-19,-105;-174,-18,-105;-174,-19,-104;-174,-18,-104;-174,-18,-103;-174,-18,-102;-174,-18,-101;-174,-17,-101;-174,-18,-100;-174,-18,-99;-174,-18,-98;-174,-17,-98;-174,-18,-97;-174,-17,-97;-174,-18,-96;-173,-19,-108;-173,-19,-107;-173,-19,-106;-173,-19,-105;-173,-18,-105;-173,-19,-104;-173,-18,-104;-173,-18,-103;-173,-18,-102;-173,-17,-102;-173,-18,-101;-173,-17,-101;-173,-18,-100;-173,-18,-99;-173,-17,-99;-173,-18,-98;-173,-18,-97;-173,-17,-97;-172,-19,-108;-172,-19,-107;-172,-18,-107;-172,-19,-106;-172,-18,-106;-172,-19,-105;-172,-19,-104;-172,-18,-104;-172,-19,-103;-172,-18,-103;-172,-18,-102;-172,-18,-101;-172,-17,-101;-172,-18,-100;-172,-18,-99;-172,-17,-99;-172,-18,-98;-172,-18,-97;-171,-19,-107;-171,-18,-107;-171,-19,-106;-171,-19,-105;-171,-18,-105;-171,-19,-104;-171,-18,-103;-171,-17,-103;-171,-18,-102;-171,-17,-102;-171,-18,-101;-171,-18,-100;-171,-18,-99;-171,-18,-98;-171,-17,-98;-171,-18,-97;-171,-17,-97;-171,-18,-96;-171,-17,-96;-170,-19,-108;-170,-19,-107;-170,-18,-106;-170,-18,-105;-170,-18,-104;-170,-18,-103;-170,-17,-103;-170,-18,-102;-170,-18,-101;-170,-17,-101;-170,-18,-100;-170,-17,-100;-170,-18,-99;-170,-17,-99;-170,-18,-98;-170,-17,-98;-170,-18,-97;-169,-18,-104;-169,-17,-104;-169,-18,-100;-169,-18,-98;-169,29,-116;-169,29,-115;-169,29,-114;-169,30,-114;-168,28,-115;-168,28,-114;-168,29,-114;-167,28,-115;-167,27,-114;-167,27,-113;-167,28,-113;-167,28,-112;-167,29,-112;-166,27,-115;-166,26,-114;-166,25,-113;-166,25,-112;-166,25,-111;-166,26,-111;-166,26,-110;-166,27,-110;-166,28,-109;-166,29,-109;-166,29,-108;-165,26,-115;-165,24,-114;-165,25,-114;-165,24,-113;-165,25,-112;-165,25,-111;-165,25,-110;-165,26,-110;-165,25,-109;-165,26,-109;-165,25,-108;-165,26,-108;-165,25,-107;-165,26,-107;-164,25,-116;-164,26,-116;-164,20,-115;-164,23,-114;-164,24,-113;-164,24,-112;-164,24,-111;-164,25,-111;-164,24,-110;-164,25,-110;-164,24,-109;-164,25,-108;-164,25,-107;-163,24,-116;-163,21,-115;-163,22,-115;-163,23,-114;-163,23,-113;-163,23,-112;-163,23,-111;-163,24,-111;-163,24,-110;-163,24,-109;-163,24,-108;-163,24,-107;-162,19,-116;-162,20,-116;-162,21,-115;-162,22,-115;-162,22,-114;-162,22,-113;-162,23,-112;-162,23,-111;-162,23,-110;-162,23,-109;-162,23,-108;-162,24,-108;-162,23,-107;-162,24,-107;-161,21,-115;-161,22,-115;-161,21,-114;-161,22,-114;-161,22,-113;-161,22,-112;-161,22,-111;-161,22,-110;-161,23,-110;-161,22,-109;-161,23,-108;-161,23,-107;-160,21,-113;-160,21,-112;-160,21,-111;-160,22,-111;-160,21,-110;-160,22,-110;-160,22,-109;-160,22,-108;-160,22,-107;-160,22,-106;-160,23,-106;-159,21,-106;-159,22,-105;-175,-21,-117;-175,-20,-117;-175,-18,-112;-174,-22,-119;-174,-21,-119;-174,-22,-118;-174,-21,-117;-174,-20,-116;-174,-19,-116;-174,-20,-115;-174,-20,-114;-174,-19,-114;-174,-19,-113;-174,-19,-112;-174,-18,-112;-174,-19,-111;-174,-18,-111;-174,-19,-110;-174,-18,-110;-174,-19,-109;-174,-20,-108;-174,-19,-108;-173,-23,-119;-173,-22,-118;-173,-21,-117;-173,-20,-117;-173,-20,-116;-173,-19,-116;-173,-20,-115;-173,-19,-115;-173,-20,-114;-173,-19,-114;-173,-20,-113;-173,-19,-112;-173,-19,-111;-173,-19,-110;-173,-18,-110;-173,-19,-109;-173,-18,-109;-172,-23,-119;-172,-22,-118;-172,-21,-118;-172,-22,-117;-172,-21,-116;-172,-21,-115;-172,-20,-114;-172,-19,-114;-172,-20,-113;-172,-19,-113;-172,-20,-112;-172,-20,-111;-172,-20,-110;-172,-19,-110;-172,-19,-109;-172,-18,-109;-171,-25,-120;-171,-24,-120;-171,-24,-119;-171,-23,-118;-171,-22,-117;-171,-21,-116;-171,-20,-116;-171,-21,-115;-171,-21,-114;-171,-21,-113;-171,-20,-113;-171,-20,-112;-171,-20,-111;-171,-19,-111;-171,-20,-110;-171,-19,-110;-171,-19,-109;-171,-18,-109;-171,-19,-108;-171,-18,-108;-170,-25,-119;-170,-24,-119;-170,-24,-118;-170,-23,-117;-170,-22,-116;-170,-21,-116;-170,-22,-115;-170,-21,-115;-170,-21,-114;-170,-21,-113;-170,-20,-113;-170,-21,-112;-170,-20,-112;-170,-20,-111;-170,-19,-111;-170,-20,-110;-170,-19,-109;-170,-18,-109;-169,-25,-119;-169,-24,-119;-169,-24,-118;-169,-23,-118;-169,-23,-117;-169,-22,-117;-169,-22,-116;-169,-21,-116;-169,-22,-115;-169,-22,-114;-169,-21,-114;-169,-22,-113;-169,-21,-113;-169,-21,-112;-169,-20,-111;-169,-19,-111;-169,-20,-110;-169,-19,-109;-169,-18,-109;-169,-18,-108;-169,-17,-108;-169,-18,-107;-169,-17,-107;-169,-18,-106;-169,-17,-106;-169,-18,-105;-168,-26,-119;-168,-25,-119;-168,-25,-118;-168,-24,-117;-168,-23,-117;-168,-23,-116;-168,-22,-116;-168,-23,-115;-168,-22,-115;-168,-22,-114;-168,-21,-114;-168,-22,-113;-168,-21,-113;-168,-22,-112;-168,-21,-112;-168,-20,-111;-168,-19,-111;-168,-20,-110;-168,-19,-110;-168,-19,-109;-168,-18,-108;-168,-18,-107;-168,-17,-107;-168,-18,-106;-168,-17,-106;-168,-18,-105;-168,-17,-105;-168,-18,-104;-168,-17,-104;-167,-27,-120;-167,-26,-119;-167,-26,-118;-167,-25,-118;-167,-25,-117;-167,-24,-117;-167,-23,-116;-167,-22,-116;-167,-23,-115;-167,-23,-114;-167,-22,-114;-167,-22,-113;-167,-22,-112;-167,-21,-111;-167,-20,-111;-167,-20,-110;-167,-19,-110;-167,-19,-109;-167,-18,-108;-167,-18,-107;-167,-18,-106;-167,-18,-105;-167,-17,-105;-166,-27,-120;-166,-26,-120;-166,-27,-119;-166,-26,-118;-166,-25,-117;-166,-24,-117;-166,-24,-116;-166,-23,-116;-166,-23,-115;-166,-22,-115;-166,-23,-114;-166,-22,-114;-166,-23,-113;-166,-22,-113;-166,-22,-112;-166,-21,-111;-166,-20,-110;-166,-19,-110;-166,-19,-109;-166,-18,-109;-166,-19,-108;-166,-18,-108;-166,-18,-107;-166,-17,-107;-166,-18,-106;-166,-17,-106;-166,-18,-105;-166,-17,-105;-166,-18,-104;-166,-17,-104;-165,-27,-119;-165,-26,-118;-165,-25,-118;-165,-26,-117;-165,-25,-116;-165,-24,-116;-165,-24,-115;-165,-23,-115;-165,-23,-114;-165,-23,-113;-165,-22,-113;-165,-22,-112;-165,-21,-112;-165,-21,-111;-165,-20,-110;-165,-20,-109;-165,-19,-109;-165,-19,-108;-165,-19,-107;-165,-18,-106;-165,-17,-106;-165,-18,-105;-165,-17,-105;-165,-18,-104;-165,-17,-104;-164,-27,-118;-164,-26,-117;-164,-25,-116;-164,-24,-116;-164,-25,-115;-164,-24,-115;-164,-24,-114;-164,-23,-114;-164,-23,-113;-164,-22,-112;-164,-21,-112;-164,-22,-111;-164,-21,-110;-164,-20,-110;-164,-20,-109;-164,-19,-108;-164,-19,-107;-164,-19,-106;-163,-27,-118;-163,-27,-117;-163,-26,-117;-163,-26,-116;-163,-25,-116;-163,-25,-115;-163,-24,-115;-163,-24,-114;-163,-23,-114;-163,-23,-113;-163,-23,-112;-163,-22,-112;-163,-22,-111;-163,-21,-110;-163,-20,-109;-163,-19,-109;-163,-20,-108;-163,-19,-107;-163,-18,-107;-163,-19,-106;-163,-19,-105;-163,-18,-105;-162,-27,-117;-162,-26,-117;-162,-26,-116;-162,-26,-115;-162,-25,-115;-162,-25,-114;-162,-24,-113;-162,-23,-113;-162,-23,-112;-162,-22,-111;-162,-22,-110;-162,-21,-109;-162,-20,-109;-162,-20,-108;-162,-20,-107;-162,-19,-107;-162,-19,-106;-162,-19,-105;-162,-18,-105;-161,-27,-117;-161,-26,-117;-161,-26,-116;-161,-26,-115;-161,-25,-115;-161,-26,-114;-161,-25,-114;-161,-25,-113;-161,-24,-113;-161,-23,-112;-161,-22,-112;-161,-23,-111;-161,-22,-110;-161,-22,-109;-161,-21,-109;-161,-21,-108;-161,-20,-108;-161,-21,-107;-161,-20,-106;-161,-19,-106;-161,-20,-105;-161,-19,-104;-161,-18,-104;-160,-27,-116;-160,-26,-116;-160,-26,-115;-160,-26,-114;-160,-25,-113;-160,-24,-113;-160,-23,-112;-160,-23,-111;-160,-22,-111;-160,-23,-110;-160,-22,-109;-160,-22,-108;-160,-21,-107;-160,-20,-107;-160,-21,-106;-160,-20,-105;-160,-19,-105;-159,-27,-116;-159,-24,-111;-159,-23,-111;-159,-22,-107;-159,-22,-106;-159,-21,-106;-169,-18,-103;-169,-18,-102;-169,-18,-101;-169,-17,-101;-168,-18,-103;-168,-18,-102;-168,-17,-102;-168,-18,-101;-168,-19,-100;-168,-18,-100;-168,-18,-99;-167,-18,-104;-167,-18,-103;-167,-17,-103;-167,-18,-102;-167,-17,-102;-167,-18,-101;-167,-19,-100;-167,-18,-100;-167,-19,-99;-166,-18,-103;-166,-17,-103;-166,-18,-102;-166,-18,-101;-166,-19,-100;-166,-19,-99;-165,-18,-103;-165,-17,-103;-165,-18,-102;-165,-18,-101;-165,-19,-100;-164,-18,-104;-164,-17,-104;-164,-18,-103;-164,-18,-102;-164,-17,-102;-164,-18,-101;-164,-19,-100;-164,-18,-100;-163,-18,-104;-163,-17,-104;-163,-18,-103;-163,-19,-102;-163,-19,-101;-163,-18,-101;-163,-19,-100;-162,-19,-104;-162,-19,-103;-162,-19,-102;-162,-18,-102;-162,-19,-101;-162,-19,-100;-162,-18,-100;-162,-19,-99;-161,-19,-103;-161,-18,-103;-161,-19,-102;-161,-18,-102;-161,-19,-101;-161,-18,-101;-161,-19,-100;-161,-18,-100;-160,-20,-104;-160,-19,-104;-160,-20,-103;-160,-19,-102;-160,-19,-101;-160,-19,-100;-160,-18,-100;-159,-14,-113;-159,-23,-110;-159,-22,-110;-159,-23,-109;-159,-22,-109;-159,-23,-108;-159,-22,-108;-159,-21,-105;-159,-20,-105;-159,-20,-104;-159,-20,-103;-159,-20,-102;-159,-19,-102;-159,-19,-101;-159,-18,-101;-159,-19,-100;-158,-14,-115;-158,-14,-109;-158,-13,-109;-158,-23,-107;-158,-23,-106;-158,-22,-105;-158,-21,-104;-158,-21,-103;-158,-20,-103;-158,-20,-102;-158,-20,-101;-158,-19,-100;-158,-18,-100;-158,-19,-99;-158,-18,-99;-157,-22,-104;-157,-21,-104;-157,-20,-101;-176,18,-110;-176,19,-110;-176,18,-109;-176,17,-106;-176,16,-104;-176,20,-98;-176,21,-98;-175,19,-112;-175,19,-111;-175,18,-110;-175,18,-109;-175,19,-109;-175,18,-108;-175,19,-108;-175,18,-107;-175,18,-106;-175,17,-105;-175,18,-105;-175,17,-104;-175,17,-103;-175,18,-103;-175,21,-97;-174,18,-113;-174,19,-113;-174,20,-112;-174,19,-111;-174,20,-111;-174,19,-110;-174,20,-110;-174,19,-109;-174,19,-108;-174,18,-107;-174,18,-105;-174,18,-103;-174,21,-97;-174,22,-97;-173,20,-112;-173,20,-111;-173,20,-110;-173,20,-109;-173,19,-108;-172,21,-112;-172,21,-111;-172,21,-110;-172,20,-109;-172,20,-108;-172,21,-108;-172,20,-107;-171,22,-112;-171,21,-111;-171,21,-110;-171,22,-110;-171,21,-109;-171,22,-109;-171,21,-108;-171,22,-108;-171,21,-107;-170,22,-111;-170,22,-110;-170,22,-109;-170,21,-108;-170,22,-108;-169,22,-109;-169,22,-108;-168,21,-97;-168,22,-97;-177,34,-103;-177,35,-103;-177,33,-99;-177,34,-99;-177,34,-98;-177,35,-96;-177,36,-96;-177,35,-95;-177,36,-95;-176,34,-106;-176,35,-106;-176,34,-105;-176,34,-104;-176,34,-103;-176,34,-102;-176,33,-101;-176,34,-101;-176,31,-100;-176,33,-99;-176,34,-99;-176,34,-98;-176,35,-98;-176,34,-97;-176,34,-96;-176,35,-95;-176,35,-94;-176,36,-94;-176,35,-93;-176,36,-93;-175,34,-106;-175,35,-106;-175,34,-105;-175,35,-105;-175,34,-104;-175,35,-104;-175,34,-103;-175,34,-102;-175,35,-102;-175,34,-101;-175,33,-100;-175,34,-99;-175,34,-98;-175,33,-97;-175,34,-97;-175,34,-96;-175,35,-96;-175,34,-95;-175,34,-94;-175,35,-94;-174,34,-107;-174,35,-107;-174,34,-106;-174,34,-105;-174,34,-104;-174,34,-103;-174,35,-103;-174,34,-102;-174,34,-101;-174,34,-100;-174,34,-99;-174,33,-98;-174,33,-97;-174,34,-97;-174,34,-96;-174,34,-95;-174,34,-94;-174,35,-94;-173,34,-106;-173,34,-105;-173,34,-104;-173,35,-104;-173,34,-103;-173,35,-103;-173,34,-102;-173,35,-102;-173,34,-101;-173,35,-101;-173,34,-100;-173,34,-99;-173,33,-98;-173,34,-98;-173,32,-97;-173,33,-97;-173,33,-96;-173,34,-96;-173,33,-95;-173,34,-94;-172,34,-107;-172,34,-106;-172,34,-105;-172,34,-104;-172,34,-103;-172,34,-102;-172,34,-101;-172,34,-100;-172,35,-100;-172,32,-98;-172,33,-98;-172,33,-96;-172,33,-94;-172,34,-94;-169,33,-107;-164,36,-94;-163,33,-100;-163,36,-97;-163,37,-97;-163,36,-96;-163,37,-96;-163,37,-95;-163,38,-94;-163,39,-94;-163,38,-93;-162,36,-100;-162,37,-100;-162,36,-99;-162,37,-98;-162,38,-97;-162,38,-96;-162,39,-96;-162,38,-95;-162,39,-95;-162,38,-94;-161,34,-100;-161,35,-100;-161,38,-96;-161,39,-96;-161,38,-94;-160,22,-104;-160,20,-103;-160,21,-103;-159,20,-104;-157,24,-103;-157,25,-103;-157,28,-100;-157,29,-100;-172,30,-115;-172,31,-115;-171,29,-117;-171,29,-116;-171,29,-115;-171,30,-115;-170,29,-116;-170,29,-115;-170,30,-115;-170,30,-114;-170,31,-114;-168,29,-117;-168,30,-117;-168,28,-116;-168,29,-116;-168,30,-113;-167,28,-116;-167,30,-111;-167,31,-111;-166,28,-116;-165,28,-117;-165,29,-117;-165,26,-116;-165,27,-116;-161,20,-116;-160,18,-102;-160,19,-102
PATCHSET step=9 gif=30 origin=-11,-7 name=lush_caves_vegetation n=0
PATCHDATA 
PATCHSET step=9 gif=30 origin=-11,-7 name=lush_caves_vegetation n=126
PATCHDATA -177,0,-108;-177,0,-107;-177,1,-101;-177,0,-98;-177,0,-97;-176,0,-108;-176,0,-107;-176,0,-106;-176,0,-105;-176,1,-104;-176,1,-103;-176,1,-102;-176,1,-101;-176,1,-100;-176,1,-99;-176,0,-98;-176,0,-97;-175,0,-107;-175,0,-106;-175,0,-105;-175,1,-104;-175,1,-103;-175,1,-102;-175,1,-101;-175,1,-100;-175,1,-99;-175,0,-98;-175,0,-97;-174,0,-107;-174,0,-106;-174,0,-105;-174,0,-104;-174,0,-103;-174,1,-102;-174,1,-101;-174,1,-100;-174,1,-99;-174,1,-98;-174,0,-97;-173,0,-106;-173,0,-105;-173,0,-104;-173,0,-103;-173,1,-102;-173,1,-101;-173,1,-100;-173,1,-99;-173,1,-98;-173,1,-97;-173,0,-96;-172,0,-106;-172,0,-105;-172,0,-104;-172,0,-103;-172,1,-102;-172,1,-101;-172,1,-100;-172,1,-99;-172,1,-98;-172,1,-97;-171,0,-105;-171,0,-104;-171,0,-103;-171,0,-102;-171,1,-101;-171,1,-100;-171,1,-99;-171,1,-98;-171,1,-97;-170,0,-104;-170,0,-103;-170,0,-102;-170,0,-101;-170,1,-100;-170,1,-99;-170,1,-98;-170,1,-97;-169,0,-104;-169,0,-103;-169,0,-102;-169,0,-101;-169,1,-100;-169,1,-99;-169,1,-98;-169,2,-97;-168,0,-103;-168,0,-102;-168,0,-101;-168,0,-100;-168,1,-99;-168,2,-98;-168,4,-97;-167,0,-102;-167,0,-101;-167,0,-100;-167,1,-99;-167,1,-98;-167,2,-97;-166,-2,-102;-166,0,-101;-166,0,-100;-166,0,-99;-166,1,-98;-166,1,-97;-165,-5,-102;-165,0,-101;-165,0,-100;-165,0,-99;-165,0,-98;-165,1,-97;-164,-3,-101;-164,0,-100;-164,0,-99;-164,0,-98;-164,0,-97;-163,-4,-101;-163,-2,-100;-163,0,-99;-163,0,-98;-163,0,-97;-162,-5,-101;-162,-3,-100;-162,-1,-99;-162,0,-98;-162,0,-97;-161,-4,-100
PATCHSET step=9 gif=27 origin=-13,-6 name=lush_caves_ceiling_vegetation n=108
PATCHDATA -208,1,-88;-208,2,-87;-208,2,-86;-208,3,-85;-208,4,-85;-208,3,-84;-208,3,-83;-208,2,-82;-208,-2,-81;-208,-2,-80;-207,1,-89;-207,2,-88;-207,3,-88;-207,3,-87;-207,3,-86;-207,4,-86;-207,3,-85;-207,3,-84;-207,3,-83;-207,4,-83;-207,3,-82;-207,4,-82;-207,2,-81;-207,-2,-80;-206,1,-90;-206,2,-90;-206,2,-89;-206,2,-88;-206,3,-87;-206,4,-87;-206,3,-86;-206,4,-86;-206,3,-85;-206,4,-85;-206,3,-84;-206,4,-84;-206,3,-83;-206,3,-82;-206,2,-81;-206,3,-81;-206,2,-80;-206,3,-80;-205,2,-90;-205,2,-89;-205,3,-89;-205,2,-88;-205,3,-88;-205,2,-87;-205,2,-86;-205,3,-86;-205,1,-85;-205,2,-85;-205,2,-84;-205,3,-84;-205,2,-83;-205,3,-83;-205,2,-82;-205,3,-82;-205,2,-81;-205,2,-80;-204,1,-90;-204,2,-89;-204,3,-89;-204,2,-88;-204,3,-88;-204,1,-87;-204,2,-87;-204,1,-83;-204,2,-83;-204,2,-82;-204,2,-81;-204,3,-81;-204,1,-80;-204,2,-80;-204,1,-79;-204,2,-79;-203,1,-90;-203,1,-89;-203,2,-89;-203,1,-88;-203,2,-88;-203,-1,-82;-203,2,-81;-203,2,-80;-202,0,-90;-202,0,-89;-202,1,-89;-202,-2,-82;-202,-1,-82;-202,1,-81;-202,2,-81;-202,2,-80;-202,3,-80;-202,1,-79;-202,2,-79;-201,-1,-91;-201,-1,-90;-201,0,-90;-201,0,-81;-201,1,-80;-201,2,-80;-200,0,-81;-200,1,-81;-200,1,-80;-199,0,-80;-199,1,-80;-199,0,-79;-199,1,-79
PATCHSET step=9 gif=30 origin=-13,-6 name=lush_caves_vegetation n=0
PATCHDATA 
PATCHSET step=9 gif=30 origin=-13,-6 name=lush_caves_vegetation n=0
PATCHDATA 
PATCHSET step=9 gif=27 origin=-12,-6 name=lush_caves_ceiling_vegetation n=821
PATCHDATA -189,-23,-91;-188,-22,-92;-188,-22,-91;-188,-22,-90;-188,-21,-90;-188,-22,-89;-188,-22,-88;-188,-22,-87;-188,-23,-86;-188,-23,-85;-188,-23,-84;-188,-22,-84;-187,-17,-92;-187,-16,-92;-187,-18,-91;-187,-21,-90;-187,-20,-90;-187,-21,-89;-187,-22,-88;-187,-21,-88;-187,-22,-87;-187,-22,-86;-187,-21,-86;-187,-23,-85;-187,-23,-84;-187,-22,-84;-186,-18,-92;-186,-17,-92;-186,-19,-91;-186,-19,-90;-186,-18,-90;-186,-19,-89;-186,-18,-89;-186,-21,-88;-186,-20,-88;-186,-22,-87;-186,-21,-87;-186,-22,-86;-186,-21,-86;-186,-22,-85;-186,-21,-85;-186,-23,-84;-186,-22,-84;-185,-19,-92;-185,-19,-91;-185,-20,-90;-185,-20,-89;-185,-19,-89;-185,-20,-88;-185,-21,-87;-185,-20,-87;-185,-21,-86;-185,-20,-86;-185,-22,-85;-185,-22,-84;-185,-21,-84;-184,-19,-92;-184,-18,-92;-184,-20,-91;-184,-19,-91;-184,-20,-90;-184,-19,-90;-184,-20,-89;-184,-20,-88;-184,-19,-88;-184,-21,-87;-184,-21,-86;-184,-22,-85;-184,-22,-84;-184,-21,-84;-183,-19,-92;-183,-18,-92;-183,-19,-91;-183,-18,-91;-183,-20,-90;-183,-19,-90;-183,-20,-89;-183,-20,-88;-183,-19,-88;-183,-21,-87;-183,-20,-87;-183,-21,-86;-183,-22,-85;-183,-22,-84;-183,-23,-83;-182,-19,-92;-182,-19,-91;-182,-19,-90;-182,-18,-90;-182,-20,-89;-182,-20,-88;-182,-19,-88;-182,-21,-87;-182,-20,-87;-182,-21,-86;-182,-20,-86;-182,-22,-85;-182,-22,-84;-181,-18,-92;-181,-17,-92;-181,-19,-91;-181,-18,-91;-181,-19,-90;-181,-18,-90;-181,-20,-89;-181,-19,-89;-181,-20,-88;-181,-20,-87;-181,-21,-86;-181,-21,-85;-181,-22,-84;-180,-18,-92;-180,-19,-91;-180,-18,-91;-180,-19,-89;-180,-18,-89;-180,-20,-88;-180,-19,-88;-180,-20,-87;-180,-21,-86;-180,-20,-86;-180,-21,-85;-180,-20,-85;-180,-22,-84;-180,-21,-84;-179,-18,-92;-179,-17,-92;-179,-18,-91;-179,-19,-90;-179,-18,-90;-179,-19,-89;-179,-18,-89;-179,-20,-88;-179,-20,-87;-179,-21,-86;-179,-20,-86;-179,-21,-85;-179,-20,-85;-179,-22,-84;-179,-21,-84;-178,-18,-92;-178,-18,-91;-178,-19,-90;-178,-19,-89;-178,-20,-88;-178,-20,-87;-178,-21,-86;-178,-21,-85;-178,-20,-85;-178,-22,-84;-178,-21,-84;-177,-18,-93;-177,-18,-92;-177,-18,-91;-177,-17,-91;-177,-19,-90;-177,-19,-89;-177,-18,-89;-177,-19,-88;-177,-18,-88;-177,-20,-87;-177,-19,-87;-177,-21,-86;-177,-22,-85;-177,-22,-84;-177,-21,-84;-177,-23,-83;-176,-18,-92;-176,-18,-91;-176,-17,-91;-176,-18,-90;-176,-19,-89;-176,-18,-89;-176,-19,-88;-176,-18,-88;-176,-20,-87;-176,-19,-87;-176,-21,-86;-176,-20,-86;-176,-22,-85;-176,-23,-84;-175,-18,-92;-175,-21,-86;-187,28,-92;-187,29,-92;-187,29,-91;-187,30,-91;-187,29,-90;-187,30,-90;-187,29,-88;-187,30,-86;-187,31,-86;-186,28,-89;-186,28,-88;-186,28,-87;-186,29,-86;-186,29,-85;-186,30,-85;-186,30,-84;-185,28,-86;-185,28,-85;-185,29,-85;-183,30,-96;-183,31,-96;-182,33,-96;-182,33,-95;-182,33,-94;-182,33,-93;-182,33,-92;-182,33,-91;-182,33,-90;-182,33,-89;-182,34,-89;-182,33,-88;-182,34,-88;-182,33,-87;-182,33,-86;-181,33,-96;-181,33,-95;-181,34,-95;-181,33,-94;-181,33,-93;-181,33,-92;-181,33,-91;-181,34,-91;-181,33,-90;-181,34,-90;-181,33,-89;-181,34,-89;-181,33,-88;-181,33,-87;-181,34,-87;-181,33,-86;-181,33,-85;-180,34,-96;-180,34,-95;-180,35,-95;-180,34,-94;-180,34,-93;-180,34,-92;-180,34,-91;-180,34,-90;-180,34,-89;-180,35,-89;-180,33,-88;-180,34,-88;-180,33,-87;-180,33,-86;-180,33,-85;-179,34,-96;-179,35,-96;-179,34,-95;-179,34,-94;-179,34,-93;-179,35,-93;-179,34,-92;-179,35,-92;-179,34,-91;-179,35,-91;-179,34,-90;-179,35,-90;-179,34,-89;-179,35,-89;-179,34,-88;-179,35,-88;-179,34,-87;-179,35,-87;-179,33,-86;-179,33,-85;-178,34,-97;-178,35,-97;-178,35,-96;-178,36,-96;-178,35,-95;-178,36,-95;-178,35,-94;-178,36,-94;-178,34,-93;-178,35,-93;-178,34,-92;-178,34,-91;-178,34,-90;-178,34,-89;-178,35,-89;-178,34,-88;-178,34,-87;-178,35,-87;-178,34,-86;-178,34,-85;-177,34,-97;-177,35,-94;-177,36,-94;-177,35,-93;-177,36,-93;-177,35,-92;-177,34,-91;-177,34,-90;-177,34,-89;-177,34,-88;-177,34,-87;-177,34,-86;-177,35,-86;-177,34,-85;-177,35,-85;-176,35,-92;-176,36,-92;-176,35,-91;-176,35,-90;-176,36,-90;-176,35,-89;-176,34,-88;-176,34,-87;-176,35,-87;-176,34,-86;-176,35,-86;-176,34,-85;-176,34,-84;-176,35,-84;-189,-23,-90;-189,-22,-90;-189,-23,-89;-189,-23,-88;-189,-23,-87;-189,-22,-87;-189,-23,-86;-189,-22,-86;-189,-23,-85;-189,-22,-85;-187,-23,-83;-186,-23,-83;-186,-27,-81;-186,-27,-80;-185,-23,-83;-185,-22,-83;-185,-25,-82;-185,-24,-82;-185,-25,-81;-185,-25,-80;-185,-24,-79;-185,-23,-79;-184,-22,-83;-184,-21,-83;-184,-22,-82;-184,-21,-82;-184,-22,-81;-184,-21,-81;-184,-22,-80;-184,-21,-80;-183,-23,-82;-183,-22,-82;-183,-23,-81;-183,-22,-81;-183,-23,-80;-183,-22,-80;-182,-23,-83;-182,-22,-83;-182,-23,-82;-182,-22,-82;-182,-23,-81;-182,-23,-80;-182,-22,-80;-182,-23,-79;-182,-22,-79;-181,-23,-83;-181,-23,-82;-180,-23,-83;-180,-22,-83;-180,-23,-82;-180,-22,-82;-179,-23,-83;-178,-23,-83;-178,-22,-83;-188,17,-78;-188,18,-78;-187,10,-91;-187,11,-91;-187,11,-90;-187,12,-90;-187,12,-89;-187,13,-89;-187,12,-88;-187,13,-88;-187,12,-87;-187,13,-87;-187,11,-86;-187,12,-86;-187,9,-85;-187,10,-85;-187,9,-83;-187,10,-83;-187,12,-82;-187,13,-82;-187,16,-81;-187,17,-81;-187,17,-80;-187,17,-79;-187,17,-78;-187,18,-78;-187,17,-77;-187,17,-76;-187,18,-76;-186,10,-91;-186,11,-91;-186,11,-90;-186,11,-89;-186,12,-89;-186,12,-88;-186,11,-87;-186,11,-86;-186,11,-85;-186,10,-84;-186,12,-83;-186,13,-82;-186,15,-81;-186,16,-81;-186,17,-80;-186,18,-80;-186,17,-79;-186,18,-79;-186,17,-78;-186,18,-78;-186,17,-77;-186,18,-77;-186,17,-76;-186,18,-76;-185,10,-90;-185,11,-89;-185,12,-89;-185,11,-88;-185,12,-88;-185,11,-87;-185,12,-87;-185,12,-86;-185,12,-85;-185,13,-85;-185,12,-84;-185,13,-84;-185,13,-83;-185,14,-83;-185,14,-82;-185,15,-81;-185,16,-81;-185,17,-80;-185,18,-80;-185,17,-79;-185,18,-79;-185,17,-78;-185,17,-77;-185,17,-76;-184,10,-90;-184,11,-90;-184,10,-89;-184,10,-88;-184,11,-87;-184,12,-87;-184,12,-86;-184,13,-85;-184,13,-84;-184,14,-84;-184,14,-83;-184,15,-83;-184,14,-82;-184,15,-82;-184,15,-81;-184,16,-80;-184,16,-79;-184,17,-79;-184,16,-78;-184,17,-78;-184,17,-77;-184,17,-76;-183,10,-90;-183,11,-90;-183,10,-89;-183,10,-88;-183,11,-88;-183,11,-87;-183,12,-87;-183,11,-86;-183,12,-85;-183,13,-85;-183,13,-84;-183,13,-83;-183,14,-82;-183,15,-82;-183,14,-81;-183,15,-81;-183,15,-80;-183,16,-80;-183,15,-79;-183,16,-79;-183,15,-78;-183,16,-78;-183,16,-77;-183,17,-77;-183,17,-76;-183,16,-75;-182,10,-91;-182,10,-90;-182,10,-89;-182,11,-89;-182,10,-88;-182,11,-88;-182,10,-87;-182,11,-87;-182,11,-86;-182,12,-86;-182,11,-85;-182,12,-84;-182,12,-83;-182,13,-82;-182,14,-82;-182,14,-81;-182,14,-80;-182,14,-79;-182,15,-78;-182,15,-77;-182,16,-76;-182,17,-76;-182,15,-75;-181,10,-90;-181,10,-89;-181,11,-89;-181,9,-88;-181,10,-88;-181,10,-87;-181,10,-86;-181,11,-85;-181,12,-85;-181,11,-84;-181,12,-84;-181,12,-83;-181,13,-83;-181,13,-82;-181,13,-81;-181,14,-81;-181,14,-80;-181,15,-80;-181,14,-79;-181,14,-78;-181,14,-77;-181,15,-77;-181,15,-76;-180,10,-90;-180,11,-90;-180,10,-89;-180,9,-88;-180,9,-87;-180,10,-86;-180,11,-86;-180,10,-85;-180,11,-84;-180,11,-83;-180,12,-82;-180,13,-81;-180,13,-80;-180,14,-80;-180,14,-79;-180,14,-78;-180,15,-78;-180,14,-77;-180,15,-76;-179,10,-90;-179,10,-89;-179,9,-88;-179,10,-88;-179,9,-87;-179,10,-87;-179,10,-86;-179,11,-86;-179,10,-85;-179,11,-85;-179,10,-84;-179,11,-84;-179,11,-83;-179,12,-82;-179,12,-81;-179,13,-81;-179,13,-80;-179,14,-80;-179,13,-79;-179,13,-78;-179,14,-78;-179,14,-77;-179,15,-77;-179,14,-76;-179,15,-76;-178,10,-90;-178,11,-90;-178,10,-89;-178,11,-89;-178,9,-88;-178,10,-88;-178,9,-87;-178,9,-86;-178,9,-85;-178,10,-85;-178,10,-84;-178,10,-83;-178,11,-83;-178,11,-82;-178,12,-81;-178,12,-80;-178,13,-79;-178,14,-79;-178,13,-78;-178,14,-78;-178,13,-77;-178,14,-76;-177,10,-90;-177,10,-89;-177,11,-89;-177,9,-87;-177,9,-86;-177,9,-85;-177,9,-84;-177,10,-83;-177,11,-83;-177,11,-82;-177,11,-81;-177,12,-80;-177,12,-79;-177,13,-79;-177,12,-78;-177,13,-77;-177,14,-77;-177,13,-76;-177,14,-75;-176,11,-91;-176,10,-90;-176,10,-89;-176,9,-86;-176,9,-85;-176,9,-84;-176,10,-84;-176,9,-83;-176,10,-82;-176,11,-82;-176,11,-81;-176,12,-81;-176,11,-80;-176,12,-79;-176,13,-79;-176,12,-78;-176,13,-78;-176,13,-77;-176,14,-77;-176,13,-76;-176,13,-75;-175,11,-90;-175,12,-90;-175,10,-89;-175,11,-89;-175,9,-88;-175,9,-87;-175,10,-87;-175,9,-86;-175,10,-86;-175,9,-85;-175,9,-84;-175,10,-84;-175,9,-83;-175,10,-83;-175,10,-82;-175,11,-82;-175,10,-81;-175,11,-81;-175,11,-80;-175,11,-79;-175,12,-79;-175,12,-78;-175,13,-78;-175,12,-77;-175,13,-76;-175,14,-76;-175,13,-75;-175,14,-75;-174,10,-88;-174,11,-80;-174,12,-80;-174,11,-79;-174,12,-79;-174,11,-78;-174,12,-78;-174,12,-76;-174,13,-76;-192,14,-79;-191,13,-89;-191,13,-88;-191,13,-87;-191,12,-86;-191,14,-85;-191,16,-84;-191,17,-84;-190,13,-89;-190,14,-89;-190,13,-88;-190,13,-87;-190,13,-86;-190,14,-85;-190,13,-84;-190,14,-84;-190,17,-83;-190,18,-83;-190,17,-82;-190,18,-82;-190,17,-81;-189,13,-89;-189,14,-89;-189,13,-88;-189,14,-88;-189,12,-87;-189,13,-87;-189,12,-86;-189,9,-85;-189,10,-85;-189,14,-82;-189,15,-82;-189,17,-81;-188,12,-89;-188,13,-89;-188,13,-88;-188,12,-87;-188,13,-87;-188,10,-86;-188,17,-81;-190,-23,-90;-190,-23,-89;-190,-23,-88;-189,-23,-94;-189,-22,-94;-189,-23,-93;-189,-23,-92;-189,-22,-92;-188,-22,-94;-188,-22,-93;-187,-17,-93;-187,-16,-93;-186,-17,-94;-186,-18,-93;-186,-17,-93;-185,-20,-94;-185,-20,-93;-184,-19,-94;-184,-19,-93;-184,-18,-93;-188,30,-89;-188,31,-89;-187,28,-95;-187,29,-95;-187,28,-94;-187,29,-89;-178,34,-99;-178,35,-99;-177,33,-101;-177,32,-100;-177,33,-100;-175,35,-93;-175,36,-93;-175,35,-92;-175,36,-92;-175,35,-91;-175,36,-91;-175,35,-90;-175,36,-90;-175,35,-89;-175,35,-88;-174,35,-91;-174,36,-91;-174,35,-90;-194,12,-85;-194,12,-84;-194,13,-84;-193,12,-86;-193,12,-85;-193,13,-85;-193,14,-84;-193,15,-84;-193,15,-83;-193,14,-82;-193,15,-82;-193,12,-81;-192,13,-86;-192,13,-85;-192,14,-85;-192,15,-84;-192,16,-84;-192,17,-83;-192,18,-83;-192,19,-82;-192,17,-81;-192,18,-81;-192,15,-80;-192,16,-80;-191,18,-83;-191,19,-83;-191,18,-82;-191,18,-81;-191,18,-80;-191,18,-79;-191,19,-79;-191,17,-78;-191,18,-78;-190,18,-80;-190,18,-79;-190,17,-78;-190,18,-78;-190,17,-77;-189,18,-80;-189,19,-80;-189,18,-79;-189,17,-78;-189,18,-78;-189,17,-77;-189,18,-77;-188,18,-80;-188,18,-79;-188,17,-77;-188,18,-77;-178,34,-101;-177,34,-102
PATCHSET step=9 gif=30 origin=-12,-6 name=lush_caves_vegetation n=0
PATCHDATA 
PATCHSET step=9 gif=30 origin=-12,-6 name=lush_caves_vegetation n=406
PATCHDATA -198,3,-91;-198,5,-87;-197,-1,-96;-197,0,-95;-197,1,-94;-197,2,-93;-197,2,-92;-197,2,-91;-197,3,-90;-197,4,-89;-197,4,-88;-197,5,-87;-197,5,-86;-197,6,-85;-197,6,-84;-196,-1,-95;-196,0,-94;-196,1,-93;-196,1,-92;-196,2,-91;-196,3,-90;-196,3,-89;-196,4,-88;-196,4,-87;-196,5,-86;-196,5,-85;-196,6,-84;-195,-2,-96;-195,-1,-95;-195,0,-94;-195,1,-93;-195,1,-92;-195,2,-91;-195,2,-90;-195,3,-89;-195,3,-88;-195,4,-87;-195,4,-86;-195,5,-85;-195,5,-84;-194,-2,-96;-194,-1,-95;-194,0,-94;-194,0,-93;-194,1,-92;-194,1,-91;-194,2,-90;-194,2,-89;-194,3,-88;-194,3,-87;-194,4,-86;-194,4,-85;-194,5,-84;-194,6,-83;-193,-2,-96;-193,-2,-95;-193,-1,-94;-193,0,-93;-193,0,-92;-193,1,-91;-193,2,-90;-193,2,-89;-193,2,-88;-193,3,-87;-193,3,-86;-193,4,-85;-193,5,-84;-192,0,-92;-192,1,-91;-192,1,-90;-192,2,-89;-192,2,-88;-192,3,-87;-192,3,-86;-192,4,-85;-192,4,-84;-191,-1,-92;-191,0,-91;-191,1,-90;-191,1,-89;-191,2,-88;-191,2,-87;-191,3,-86;-191,4,-85;-191,5,-84;-190,-1,-92;-190,-1,-91;-190,0,-90;-190,1,-89;-190,1,-88;-190,2,-87;-190,4,-86;-190,5,-85;-190,6,-83;-189,1,-89;-189,1,-88;-189,2,-87;-189,4,-86;-188,2,-87;-188,5,-86;-187,-4,-91;-186,-4,-91;-186,-4,-90;-185,-4,-91;-185,-4,-90;-184,-4,-91;-184,-4,-92;-177,1,-102;-177,1,-100;-173,0,-94;-173,0,-92;-173,0,-91;-173,0,-90;-172,1,-96;-172,0,-95;-172,0,-94;-172,0,-93;-172,0,-92;-172,0,-91;-172,0,-90;-172,0,-89;-172,0,-88;-172,0,-87;-172,1,-86;-171,1,-96;-171,1,-95;-171,1,-94;-171,0,-93;-171,0,-92;-171,0,-91;-171,0,-90;-171,0,-89;-171,0,-88;-171,0,-87;-171,1,-86;-170,0,-91;-170,0,-88;-182,30,-92;-182,30,-91;-182,30,-90;-182,30,-89;-182,30,-88;-182,31,-87;-182,31,-86;-181,24,-92;-181,26,-91;-181,26,-90;-181,27,-89;-181,28,-88;-181,28,-87;-181,29,-86;-181,30,-85;-181,31,-84;-180,23,-92;-180,23,-91;-180,23,-90;-180,24,-89;-180,25,-88;-180,26,-87;-180,27,-86;-180,28,-85;-180,29,-84;-180,31,-83;-179,23,-89;-179,23,-88;-179,24,-87;-179,25,-86;-179,26,-85;-179,27,-84;-179,28,-83;-179,30,-82;-178,23,-86;-178,23,-85;-178,24,-84;-178,26,-83;-178,28,-82;-177,23,-83;-177,25,-82;-177,27,-81;-191,6,-82;-190,7,-84;-190,6,-82;-190,6,-81;-190,6,-80;-189,7,-85;-189,7,-82;-189,6,-81;-188,6,-81;-187,7,-85;-187,7,-83;-187,6,-82;-185,22,-95;-185,22,-94;-185,23,-91;-185,23,-90;-184,22,-96;-184,22,-95;-184,22,-94;-184,23,-91;-184,23,-90;-183,22,-98;-183,22,-97;-183,23,-96;-183,23,-95;-182,22,-96;-182,22,-95;-182,23,-94;-182,27,-93;-181,22,-96;-181,22,-95;-181,22,-94;-181,23,-93;-180,22,-96;-180,22,-95;-180,22,-94;-180,22,-93;-179,22,-97;-179,22,-96;-179,22,-95;-179,22,-94;-179,22,-93;-179,22,-92;-179,22,-91;-179,22,-90;-178,22,-98;-178,22,-97;-178,22,-96;-178,22,-95;-178,22,-94;-178,22,-93;-178,22,-92;-178,22,-91;-178,22,-90;-178,22,-89;-178,22,-88;-177,22,-98;-177,22,-97;-177,22,-96;-177,22,-95;-177,22,-94;-177,22,-93;-177,22,-92;-177,22,-91;-177,22,-90;-177,22,-89;-176,22,-97;-176,22,-96;-176,22,-95;-176,22,-94;-176,22,-93;-176,22,-92;-176,22,-91;-176,22,-90;-176,22,-89;-175,22,-98;-175,22,-97;-175,22,-94;-175,22,-91;-175,22,-90;-178,1,-102;-190,28,-90;-190,28,-89;-190,28,-88;-190,28,-87;-189,26,-90;-189,26,-89;-189,27,-88;-189,27,-87;-189,27,-86;-189,28,-85;-189,28,-84;-188,25,-90;-188,25,-89;-188,25,-88;-188,25,-87;-188,26,-86;-188,26,-85;-188,27,-84;-187,23,-91;-187,23,-90;-187,24,-89;-187,24,-88;-187,24,-87;-187,25,-86;-187,25,-85;-187,26,-84;-187,26,-83;-187,27,-82;-186,23,-91;-186,23,-90;-186,23,-89;-186,23,-88;-186,23,-87;-186,23,-86;-186,24,-85;-186,24,-84;-186,25,-83;-186,26,-82;-185,23,-89;-185,23,-88;-185,23,-87;-185,23,-86;-185,23,-85;-185,23,-84;-185,24,-83;-185,25,-82;-185,25,-81;-184,24,-87;-184,23,-86;-184,23,-85;-184,23,-84;-184,23,-83;-184,23,-82;-184,24,-81;-184,25,-80;-183,23,-85;-183,23,-84;-183,23,-83;-183,22,-82;-183,23,-81;-183,24,-80;-183,25,-79;-182,24,-84;-182,23,-83;-182,23,-82;-182,22,-81;-182,23,-80;-182,25,-79;-181,23,-83;-181,23,-82;-181,22,-81;-181,22,-80;-181,24,-79;-180,23,-82;-180,23,-81;-180,22,-80;-180,22,-79;-180,24,-78;-179,23,-82;-179,23,-81;-179,22,-80;-179,22,-79;-179,24,-78;-178,22,-87;-178,24,-82;-178,23,-81;-178,23,-80;-178,22,-79;-178,24,-78;-177,22,-88;-177,22,-87;-177,22,-86;-177,22,-85;-177,22,-84;-177,23,-81;-177,23,-80;-177,22,-79;-177,23,-78;-176,22,-88;-176,22,-87;-176,22,-86;-176,22,-85;-176,22,-84;-176,22,-83;-176,23,-82;-176,24,-81;-176,23,-80;-176,22,-79;-176,22,-78;-175,22,-89;-175,22,-87;-175,22,-85;-175,22,-83;-175,22,-79;-196,-8,-95;-196,-8,-94;-195,-7,-98;-195,-8,-95;-195,-8,-94;-194,-7,-98;-194,-7,-97;-194,-8,-95;-194,-7,-94;-193,-7,-98;-193,-7,-97;-193,-7,-96;-193,-7,-95;-193,-7,-94;-192,-7,-98;-192,-7,-97;-192,-7,-96;-192,-7,-95;-192,-7,-94;-191,-7,-97;-191,-7,-96;-191,-7,-95;-191,-7,-94;-190,-6,-97;-190,-7,-96;-190,-6,-95;-190,-6,-94;-189,-6,-97;-189,-6,-95;-189,-6,-94;-189,-6,-93;-188,-6,-97
PATCHSET step=9 gif=27 origin=-11,-6 name=lush_caves_ceiling_vegetation n=678
PATCHDATA -180,33,-84;-180,34,-84;-180,33,-83;-180,34,-83;-179,33,-84;-179,34,-84;-179,33,-83;-179,33,-82;-179,34,-82;-178,33,-84;-178,33,-83;-178,33,-82;-178,33,-81;-178,34,-81;-177,34,-84;-177,35,-84;-177,33,-83;-177,34,-83;-177,33,-82;-177,34,-82;-177,33,-81;-177,34,-81;-177,33,-80;-177,33,-79;-177,34,-79;-176,34,-83;-176,34,-82;-176,35,-82;-176,33,-81;-176,34,-81;-176,33,-80;-176,34,-80;-176,33,-79;-175,34,-86;-175,35,-86;-175,34,-85;-175,34,-84;-175,35,-84;-175,34,-83;-175,35,-83;-175,34,-82;-175,34,-81;-175,35,-81;-175,33,-80;-175,33,-79;-175,33,-78;-174,35,-86;-174,35,-85;-174,34,-84;-174,34,-83;-174,35,-83;-174,34,-82;-174,35,-82;-174,34,-81;-174,34,-80;-174,35,-80;-174,33,-79;-174,33,-78;-174,33,-77;-173,35,-85;-173,36,-85;-173,35,-84;-173,35,-83;-173,36,-83;-173,34,-82;-173,35,-82;-173,34,-81;-173,34,-80;-173,35,-80;-173,34,-79;-173,33,-78;-173,33,-77;-173,34,-77;-172,35,-85;-172,35,-84;-172,35,-83;-172,36,-83;-172,35,-82;-172,34,-81;-172,34,-80;-172,35,-80;-172,34,-79;-172,33,-78;-172,34,-78;-172,33,-77;-171,34,-86;-171,35,-85;-171,35,-84;-171,36,-84;-171,35,-83;-171,36,-83;-171,35,-82;-171,35,-81;-171,36,-81;-171,34,-80;-171,34,-79;-171,35,-79;-171,34,-78;-171,33,-77;-171,33,-76;-170,35,-85;-170,35,-84;-170,36,-84;-170,35,-83;-170,36,-83;-170,35,-82;-170,36,-82;-170,35,-81;-170,34,-80;-170,35,-80;-170,34,-79;-170,34,-78;-170,33,-77;-169,35,-85;-169,36,-85;-169,35,-84;-169,36,-84;-169,35,-83;-169,35,-82;-169,36,-82;-169,35,-81;-169,35,-80;-169,36,-80;-169,34,-79;-169,34,-78;-169,35,-78;-169,34,-77;-169,35,-77;-169,33,-76;-168,34,-85;-168,35,-84;-168,35,-83;-168,35,-82;-168,35,-81;-168,35,-80;-168,34,-79;-168,35,-79;-168,34,-78;-168,34,-77;-168,35,-77;-168,33,-76;-167,35,-86;-167,36,-86;-167,34,-85;-167,34,-84;-167,35,-84;-167,35,-83;-167,36,-83;-167,35,-82;-167,34,-80;-167,35,-80;-167,34,-79;-167,34,-78;-167,34,-77;-167,35,-77;-166,37,-86;-166,36,-85;-166,36,-84;-166,34,-83;-166,34,-82;-166,35,-82;-166,34,-81;-166,34,-80;-166,35,-80;-166,34,-79;-166,35,-79;-166,33,-78;-166,34,-78;-166,33,-77;-166,34,-77;-165,37,-85;-165,35,-82;-174,34,-93;-174,35,-89;-174,35,-88;-174,35,-87;-174,36,-87;-173,34,-93;-173,34,-92;-173,34,-91;-173,35,-91;-173,34,-90;-173,35,-90;-173,35,-89;-173,35,-88;-173,36,-88;-173,35,-87;-173,36,-87;-173,35,-86;-173,36,-86;-172,34,-91;-172,34,-90;-172,35,-90;-172,34,-89;-172,35,-89;-172,34,-88;-172,34,-87;-172,35,-87;-172,35,-86;-172,36,-86;-171,33,-91;-171,34,-90;-171,34,-89;-171,34,-88;-171,33,-87;-170,33,-91;-170,34,-91;-170,33,-90;-170,34,-90;-170,33,-89;-170,34,-88;-170,33,-87;-170,34,-86;-169,33,-90;-169,33,-89;-169,34,-89;-169,33,-88;-169,33,-87;-169,34,-86;-168,32,-91;-168,33,-91;-168,32,-90;-168,33,-90;-168,32,-89;-168,33,-89;-168,32,-88;-168,33,-87;-168,34,-87;-168,34,-86;-168,35,-86;-167,32,-90;-167,33,-90;-167,32,-89;-167,32,-88;-167,33,-88;-167,34,-87;-167,35,-87;-166,33,-91;-166,34,-91;-166,34,-90;-166,35,-90;-166,35,-89;-166,36,-89;-166,36,-88;-166,36,-87;-166,37,-87;-165,36,-91;-165,36,-90;-165,37,-90;-165,37,-89;-165,37,-88;-165,38,-88;-165,37,-87;-165,37,-86;-164,36,-93;-164,37,-93;-164,37,-92;-164,38,-92;-164,37,-87;-164,37,-86;-164,37,-85;-164,38,-85;-163,37,-87;-163,38,-87;-163,37,-86;-163,36,-85;-163,37,-85;-162,37,-86;-162,36,-85;-169,14,-89;-169,15,-89;-169,11,-83;-169,11,-82;-169,12,-82;-169,11,-81;-169,12,-81;-168,16,-90;-168,15,-89;-168,16,-89;-168,14,-88;-168,15,-88;-168,13,-87;-168,13,-86;-168,14,-86;-168,12,-85;-168,13,-85;-168,11,-84;-168,11,-83;-168,11,-82;-168,11,-81;-168,12,-81;-168,11,-80;-168,11,-79;-168,12,-79;-167,16,-89;-167,15,-88;-167,16,-88;-167,14,-87;-167,13,-86;-167,12,-85;-167,12,-84;-167,13,-84;-167,11,-83;-167,11,-82;-167,12,-82;-167,11,-81;-167,12,-81;-167,11,-80;-167,12,-80;-167,11,-79;-167,12,-79;-167,11,-78;-166,18,-89;-166,18,-88;-166,19,-88;-166,15,-87;-166,16,-87;-166,14,-86;-166,13,-85;-166,14,-85;-166,12,-84;-166,12,-83;-166,13,-83;-166,12,-82;-166,11,-81;-166,11,-80;-166,12,-80;-166,11,-79;-166,12,-79;-165,16,-89;-165,17,-89;-165,15,-88;-165,16,-87;-165,15,-86;-165,16,-86;-165,14,-85;-165,15,-85;-165,13,-84;-165,12,-83;-165,13,-83;-165,12,-82;-165,12,-81;-165,13,-81;-165,11,-80;-165,11,-79;-165,12,-79;-165,11,-78;-164,14,-90;-164,13,-89;-164,14,-89;-164,15,-88;-164,16,-88;-164,15,-87;-164,16,-87;-164,16,-86;-164,17,-86;-164,14,-85;-164,15,-85;-164,13,-84;-164,13,-83;-164,14,-83;-164,12,-82;-164,13,-82;-164,12,-81;-164,13,-81;-164,12,-80;-164,13,-80;-164,11,-79;-164,12,-79;-163,12,-89;-163,14,-88;-163,15,-87;-163,16,-87;-163,15,-86;-163,14,-85;-163,13,-84;-163,12,-83;-163,13,-83;-163,12,-82;-163,12,-81;-163,12,-80;-163,12,-79;-163,13,-79;-162,12,-90;-162,13,-90;-162,13,-89;-162,14,-89;-162,14,-88;-162,15,-88;-162,15,-87;-162,16,-87;-162,16,-86;-162,14,-85;-162,15,-85;-162,11,-84;-162,12,-84;-162,12,-83;-162,12,-82;-162,12,-81;-162,13,-80;-162,12,-79;-161,12,-90;-161,13,-90;-161,13,-89;-161,14,-88;-161,15,-88;-161,15,-87;-161,16,-87;-161,16,-86;-161,17,-86;-161,14,-85;-161,15,-85;-161,11,-83;-161,12,-83;-161,12,-82;-161,13,-82;-161,13,-81;-161,13,-80;-161,14,-80;-161,13,-79;-161,14,-79;-160,13,-89;-160,14,-88;-160,15,-87;-160,16,-86;-160,17,-86;-160,14,-85;-160,15,-85;-160,12,-82;-160,13,-82;-160,13,-81;-160,14,-81;-160,13,-80;-160,14,-80;-160,13,-79;-160,12,-78;-160,13,-78;-159,13,-89;-159,14,-89;-159,14,-88;-159,15,-87;-159,16,-86;-159,17,-86;-159,17,-85;-159,16,-84;-159,15,-83;-159,15,-82;-159,16,-82;-159,15,-81;-159,15,-80;-159,14,-79;-159,15,-79;-158,11,-90;-158,12,-90;-158,13,-89;-158,14,-89;-158,14,-88;-158,15,-87;-158,16,-87;-158,16,-86;-158,17,-85;-158,18,-85;-158,18,-84;-158,19,-84;-158,16,-81;-158,16,-80;-158,15,-79;-158,16,-79;-157,15,-87;-157,17,-85;-157,18,-85;-175,35,-87;-175,36,-87;-165,36,-84;-165,37,-84;-165,36,-83;-165,34,-81;-165,34,-80;-165,34,-79;-165,35,-79;-165,34,-78;-165,35,-78;-164,38,-89;-164,38,-88;-164,37,-84;-164,36,-83;-164,37,-83;-164,35,-82;-164,34,-81;-164,34,-80;-164,34,-79;-164,35,-79;-164,34,-78;-164,35,-78;-163,38,-89;-163,38,-88;-163,39,-88;-163,36,-84;-163,36,-83;-163,34,-82;-163,35,-82;-163,34,-81;-163,34,-80;-163,35,-80;-163,34,-79;-163,35,-79;-163,34,-78;-162,38,-88;-162,38,-87;-162,39,-87;-162,35,-84;-162,36,-84;-162,35,-83;-162,36,-83;-162,34,-82;-162,35,-82;-162,34,-80;-162,35,-80;-162,34,-79;-162,35,-79;-162,34,-78;-171,-19,-93;-171,-18,-93;-171,-19,-91;-171,-18,-91;-170,-18,-96;-170,-17,-96;-170,-18,-95;-170,-19,-94;-170,-18,-94;-170,-19,-93;-170,-18,-93;-170,-19,-92;-170,-19,-91;-170,-20,-90;-170,-20,-89;-170,-19,-89;-170,-20,-88;-170,-19,-88;-170,-21,-87;-170,-20,-87;-170,-22,-86;-170,-21,-86;-169,-18,-99;-169,-17,-99;-169,-18,-97;-169,-18,-96;-169,-19,-95;-169,-19,-94;-169,-18,-94;-169,-19,-93;-169,-18,-93;-169,-19,-92;-169,-18,-92;-169,-20,-91;-169,-19,-91;-169,-20,-90;-169,-19,-90;-169,-20,-89;-169,-19,-89;-169,-21,-88;-169,-22,-87;-169,-21,-87;-169,-23,-86;-168,-18,-98;-168,-18,-97;-168,-18,-96;-168,-17,-96;-168,-19,-95;-168,-18,-95;-168,-19,-94;-168,-18,-94;-168,-19,-93;-168,-18,-93;-168,-20,-92;-168,-19,-92;-168,-20,-91;-168,-20,-90;-168,-21,-89;-168,-22,-88;-168,-22,-87;-167,-19,-98;-167,-18,-98;-167,-19,-97;-167,-19,-96;-167,-19,-95;-167,-18,-95;-167,-19,-94;-167,-19,-93;-167,-18,-93;-167,-20,-92;-167,-20,-91;-167,-19,-91;-167,-21,-90;-167,-21,-89;-167,-22,-88;-167,-21,-88;-167,-23,-87;-166,-19,-98;-166,-19,-97;-166,-18,-97;-166,-19,-96;-166,-19,-95;-166,-19,-94;-166,-20,-93;-166,-19,-93;-166,-20,-92;-166,-19,-92;-166,-21,-91;-166,-20,-91;-166,-21,-90;-166,-22,-89;-166,-23,-88;-166,-22,-88;-165,-19,-99;-165,-18,-99;-165,-19,-98;-165,-18,-98;-165,-19,-97;-165,-18,-97;-165,-19,-96;-165,-18,-96;-165,-19,-95;-165,-20,-94;-165,-19,-94;-165,-20,-93;-165,-19,-93;-165,-20,-92;-165,-21,-91;-165,-22,-90;-165,-21,-90;-165,-23,-89;-164,-19,-98;-164,-19,-97;-164,-19,-96;-164,-18,-96;-164,-20,-95;-164,-19,-95;-164,-20,-94;-164,-19,-94;-164,-20,-93;-164,-19,-93;-164,-20,-92;-164,-19,-92;-164,-21,-91;-164,-22,-90;-164,-23,-89;-164,-22,-89;-163,-19,-99;-163,-19,-98;-163,-19,-97;-163,-19,-96;-163,-20,-95;-163,-20,-94;-163,-19,-94;-163,-20,-93;-163,-20,-92;-163,-21,-91;-163,-20,-91;-163,-22,-90;-163,-21,-90;-163,-23,-89;-163,-22,-89;-162,-19,-98;-162,-19,-97;-162,-18,-97;-162,-19,-96;-162,-20,-95;-162,-20,-94;-162,-20,-93;-162,-20,-92;-162,-19,-92;-162,-21,-91;-162,-22,-90;-162,-21,-90;-162,-23,-89;-162,-22,-89;-161,-20,-92
PATCHSET step=9 gif=30 origin=-11,-6 name=lush_caves_vegetation n=0
PATCHDATA 
PATCHSET step=9 gif=30 origin=-11,-6 name=lush_caves_vegetation n=169
PATCHDATA -175,22,-96;-175,22,-95;-175,22,-93;-175,22,-92;-175,22,-88;-175,22,-86;-174,22,-96;-174,22,-95;-174,22,-94;-174,22,-93;-174,22,-92;-174,22,-91;-174,22,-90;-174,22,-89;-174,22,-88;-174,22,-87;-174,22,-86;-173,22,-96;-173,22,-95;-173,22,-94;-173,22,-93;-173,22,-92;-173,22,-91;-173,22,-90;-173,22,-89;-173,22,-88;-172,22,-96;-172,22,-95;-172,22,-94;-172,22,-93;-172,22,-92;-172,22,-91;-172,22,-90;-172,22,-89;-171,22,-97;-171,22,-96;-171,22,-95;-171,22,-94;-171,22,-93;-171,22,-92;-171,22,-91;-171,22,-90;-170,22,-96;-170,22,-95;-170,22,-94;-170,22,-93;-170,22,-92;-170,22,-91;-170,22,-90;-169,22,-96;-169,22,-95;-169,22,-94;-169,22,-93;-169,22,-92;-169,22,-91;-169,22,-90;-168,22,-95;-168,22,-94;-168,22,-93;-168,22,-92;-168,22,-91;-168,22,-90;-167,22,-96;-167,22,-95;-167,22,-94;-167,22,-93;-167,22,-92;-167,22,-91;-167,22,-90;-167,22,-89;-169,1,-84;-169,2,-81;-169,2,-80;-168,1,-85;-168,1,-84;-168,1,-83;-168,1,-82;-168,2,-81;-168,2,-80;-168,3,-79;-167,1,-84;-167,1,-83;-167,1,-82;-167,2,-81;-167,2,-80;-166,1,-84;-166,1,-83;-166,1,-82;-166,1,-81;-166,2,-80;-165,1,-85;-165,1,-84;-165,1,-83;-165,1,-82;-165,1,-81;-165,2,-80;-164,1,-84;-164,1,-83;-164,1,-82;-164,1,-81;-164,1,-80;-163,2,-84;-163,2,-83;-163,2,-82;-163,2,-81;-163,1,-80;-162,2,-85;-162,3,-84;-162,3,-83;-162,2,-82;-162,2,-81;-162,1,-80;-162,2,-79;-161,3,-85;-161,4,-83;-161,3,-82;-161,2,-81;-161,1,-80;-161,-5,-101;-161,-3,-99;-160,-5,-101;-160,-5,-100;-160,-4,-99;-160,-2,-98;-159,-5,-100;-159,-4,-99;-159,-3,-98;-159,-2,-97;-158,-5,-100;-158,-5,-99;-158,-4,-98;-158,-3,-97;-158,-2,-96;-157,-5,-99;-157,-3,-96;-157,-2,-95;-176,-28,-101;-175,-29,-101;-174,-29,-101;-173,-29,-102;-173,-29,-101;-173,-29,-100;-172,-29,-101;-172,-29,-100;-171,-29,-101;-171,-29,-100;-170,-29,-102;-170,-29,-101;-170,-29,-100;-169,-30,-102;-169,-29,-101;-169,-29,-100;-168,-30,-101;-168,-29,-100;-168,-29,-99;-167,-30,-101;-167,-29,-100;-167,-29,-99;-166,-30,-101;-166,-30,-100;-166,-29,-99;-165,-30,-101;-165,-30,-100;-164,-30,-101;-164,-30,-100;-163,-30,-101;-163,-30,-100;-163,-30,-99;-162,-30,-101
PATCHSET step=9 gif=27 origin=-13,-5 name=lush_caves_ceiling_vegetation n=265
PATCHDATA -203,-29,-86;-203,-30,-85;-203,-30,-84;-203,-29,-84;-203,-29,-81;-203,-29,-80;-203,-28,-79;-203,-27,-79;-202,-29,-86;-202,-28,-86;-202,-30,-85;-202,-29,-85;-202,-31,-84;-202,-30,-84;-202,-30,-83;-202,-30,-82;-202,-29,-82;-202,-29,-81;-202,-29,-80;-202,-29,-79;-202,-28,-79;-202,-28,-78;-202,-27,-78;-202,-28,-77;-202,-27,-77;-202,-28,-76;-202,-28,-75;-202,-28,-74;-202,-28,-73;-202,-28,-72;-202,-27,-72;-201,-30,-86;-201,-29,-86;-201,-31,-85;-201,-31,-84;-201,-30,-84;-201,-31,-83;-201,-30,-83;-201,-30,-82;-201,-30,-81;-201,-29,-80;-201,-28,-80;-201,-29,-79;-201,-29,-78;-201,-28,-77;-201,-28,-76;-201,-28,-75;-201,-27,-75;-201,-28,-74;-201,-27,-74;-201,-28,-73;-201,-28,-72;-200,-30,-86;-200,-29,-86;-200,-31,-85;-200,-30,-85;-200,-31,-83;-200,-31,-82;-200,-30,-81;-200,-30,-80;-200,-29,-79;-200,-28,-79;-200,-29,-78;-200,-29,-77;-200,-28,-76;-200,-28,-75;-200,-27,-75;-200,-29,-74;-200,-28,-74;-200,-29,-73;-200,-29,-72;-199,-31,-86;-199,-31,-82;-199,-31,-81;-199,-30,-81;-199,-30,-80;-199,-29,-80;-199,-30,-79;-199,-30,-78;-199,-29,-76;-199,-28,-76;-199,-29,-75;-199,-29,-74;-199,-29,-73;-199,-29,-72;-199,-28,-72;-199,-29,-71;-198,-31,-81;-198,-30,-81;-198,-31,-80;-198,-31,-79;-198,-30,-79;-198,-30,-78;-198,-30,-77;-198,-29,-77;-198,-30,-76;-198,-30,-75;-198,-29,-75;-198,-29,-74;-198,-28,-74;-198,-29,-73;-198,-28,-73;-198,-29,-72;-198,-28,-72;-197,-31,-79;-197,-31,-78;-197,-30,-78;-197,-31,-77;-197,-30,-76;-197,-30,-75;-197,-29,-75;-197,-30,-74;-197,-29,-74;-197,-30,-73;-197,-29,-73;-197,-30,-72;-197,-29,-72;-196,-31,-77;-196,-31,-76;-196,-31,-75;-196,-31,-74;-196,-30,-74;-196,-30,-73;-196,-29,-73;-196,-30,-72;-196,-29,-72;-196,-31,-71;-195,-31,-76;-195,-30,-76;-195,-31,-75;-195,-30,-75;-195,-31,-74;-195,-31,-73;-195,-30,-73;-195,-31,-72;-195,-31,-71;-195,-30,-71;-194,-36,-77;-194,-35,-76;-194,-34,-76;-194,-31,-75;-194,-30,-75;-194,-31,-74;-194,-30,-74;-194,-31,-73;-194,-31,-72;-193,-36,-78;-193,-35,-78;-193,-35,-77;-193,-34,-76;-193,-33,-75;-193,-32,-75;-192,-35,-78;-192,-34,-78;-192,-34,-77;-192,-33,-76;-192,-32,-76;-192,-32,-75;-192,-31,-75;-192,-32,-74;-191,-34,-78;-191,-33,-78;-191,-30,-74;-191,-29,-74;-191,-29,-73;-191,-28,-73;-208,-27,-76;-208,-26,-76;-208,-28,-74;-208,-27,-74;-207,-27,-81;-207,-26,-81;-207,-27,-80;-207,-27,-79;-207,-26,-79;-207,-27,-78;-207,-26,-78;-207,-27,-77;-207,-27,-76;-207,-27,-75;-207,-26,-75;-207,-27,-74;-207,-26,-74;-207,-28,-73;-207,-28,-72;-207,-27,-72;-207,-28,-71;-207,-29,-70;-207,-30,-69;-206,-28,-80;-206,-27,-80;-206,-28,-79;-206,-27,-78;-206,-26,-78;-206,-27,-77;-206,-26,-77;-206,-27,-76;-206,-26,-76;-206,-27,-75;-206,-26,-75;-206,-27,-74;-206,-27,-73;-206,-26,-73;-206,-27,-72;-206,-28,-71;-206,-27,-71;-206,-29,-70;-206,-28,-70;-205,-28,-80;-205,-27,-80;-205,-28,-79;-205,-28,-78;-205,-28,-77;-205,-27,-76;-205,-26,-76;-205,-27,-75;-205,-26,-75;-205,-27,-74;-205,-26,-74;-205,-27,-73;-205,-26,-73;-205,-27,-72;-205,-28,-71;-205,-27,-71;-205,-29,-70;-204,-29,-80;-204,-28,-80;-204,-28,-79;-204,-28,-78;-204,-27,-78;-204,-28,-77;-204,-28,-76;-204,-27,-75;-204,-26,-75;-204,-27,-74;-204,-27,-73;-204,-27,-72;-204,-26,-72;-204,-28,-71;-204,-27,-71;-204,-29,-70;-203,-28,-78;-203,-27,-78;-203,-28,-77;-203,-27,-77;-203,-28,-76;-203,-28,-75;-203,-28,-74;-203,-28,-73;-203,-27,-73;-203,-28,-72;-203,-28,-71;-203,-29,-70;-203,-28,-70;-202,-29,-71;-202,-29,-70;-201,-29,-71;-201,-28,-71;-201,-29,-70;-200,-29,-71;-200,-30,-70;-199,-30,-70;-199,-29,-70;-198,-30,-71;-198,-29,-71
PATCHSET step=9 gif=30 origin=-13,-5 name=lush_caves_vegetation n=0
PATCHDATA 
PATCHSET step=9 gif=30 origin=-13,-5 name=lush_caves_vegetation n=33
PATCHDATA -208,-17,-80;-208,-19,-79;-208,-19,-78;-208,-19,-77;-208,-19,-76;-208,-19,-75;-207,-19,-79;-207,-19,-78;-207,-19,-77;-207,-20,-76;-207,-20,-75;-206,-19,-78;-206,-20,-77;-206,-20,-76;-206,-20,-75;-206,-19,-74;-205,-20,-77;-205,-20,-76;-205,-20,-75;-205,-20,-74;-204,-20,-77;-204,-20,-76;-204,-20,-75;-204,-20,-74;-204,-20,-73;-203,-20,-76;-203,-20,-74;-203,-20,-73;-202,-20,-76;-202,-20,-75;-202,-21,-74;-202,-21,-73;-202,-21,-72
PATCHSET step=9 gif=27 origin=-12,-5 name=lush_caves_ceiling_vegetation n=0
PATCHDATA 
PATCHSET step=9 gif=30 origin=-12,-5 name=lush_caves_vegetation n=0
PATCHDATA 
PATCHSET step=9 gif=30 origin=-12,-5 name=lush_caves_vegetation n=96
PATCHDATA -177,7,-70;-176,5,-73;-176,5,-72;-176,6,-71;-175,5,-72;-175,5,-71;-174,5,-71;-174,5,-70;-185,7,-76;-185,7,-75;-173,5,-70;-190,-33,-73;-190,-31,-71;-189,-33,-74;-189,-32,-73;-189,-31,-72;-189,-30,-71;-188,-30,-84;-188,-34,-76;-188,-33,-75;-188,-32,-74;-188,-31,-73;-188,-30,-72;-188,-29,-71;-187,-25,-83;-187,-33,-78;-187,-33,-77;-187,-33,-76;-187,-32,-75;-187,-30,-74;-187,-29,-72;-187,-28,-71;-186,-30,-83;-186,-30,-82;-186,-31,-81;-186,-31,-80;-186,-32,-79;-186,-33,-78;-186,-32,-77;-186,-31,-76;-186,-30,-75;-186,-29,-74;-186,-28,-73;-186,-27,-72;-186,-26,-71;-186,-25,-70;-185,-33,-84;-185,-30,-83;-185,-31,-82;-185,-31,-81;-185,-32,-80;-185,-32,-79;-185,-31,-78;-185,-30,-77;-185,-29,-76;-185,-28,-75;-185,-27,-74;-185,-26,-73;-185,-26,-72;-185,-25,-71;-184,-31,-83;-184,-31,-81;-184,-31,-80;-184,-30,-79;-184,-29,-78;-184,-28,-77;-184,-27,-76;-184,-26,-75;-184,-26,-74;-184,-25,-73;-183,-32,-84;-183,-30,-83;-183,-28,-82;-183,-28,-81;-183,-28,-80;-183,-27,-79;-183,-26,-78;-183,-26,-77;-183,-25,-76;-182,-29,-83;-182,-26,-82;-182,-26,-81;-182,-25,-80;-182,-25,-79;-181,-30,-84;-181,-28,-83;-181,-25,-82;-180,-28,-83;-183,5,-77;-172,5,-70;-171,3,-76;-171,3,-75;-171,3,-73;-171,5,-69;-170,3,-76;-170,5,-69
PATCHSET step=9 gif=27 origin=-11,-5 name=lush_caves_ceiling_vegetation n=650
PATCHDATA -168,-23,-70;-168,-22,-70;-167,-22,-76;-167,-21,-76;-167,-22,-75;-167,-22,-74;-167,-21,-74;-167,-22,-73;-167,-22,-72;-167,-23,-71;-167,-22,-71;-167,-23,-70;-167,-24,-69;-167,-23,-69;-166,-22,-76;-166,-22,-75;-166,-22,-74;-166,-21,-74;-166,-22,-73;-166,-22,-72;-166,-21,-72;-166,-22,-71;-166,-23,-70;-166,-23,-69;-166,-23,-68;-165,-21,-76;-165,-21,-75;-165,-20,-75;-165,-21,-74;-165,-21,-73;-165,-20,-73;-165,-22,-72;-165,-22,-71;-165,-21,-71;-165,-22,-70;-165,-21,-70;-165,-23,-69;-165,-22,-69;-165,-23,-68;-165,-26,-67;-165,-25,-67;-164,-21,-77;-164,-21,-76;-164,-21,-75;-164,-21,-74;-164,-21,-73;-164,-21,-72;-164,-20,-72;-164,-22,-71;-164,-21,-71;-164,-22,-70;-164,-22,-69;-164,-23,-68;-164,-22,-68;-164,-23,-67;-163,-21,-76;-163,-20,-76;-163,-21,-75;-163,-20,-75;-163,-21,-74;-163,-21,-73;-163,-20,-73;-163,-21,-72;-163,-20,-72;-163,-21,-71;-163,-22,-70;-163,-21,-70;-163,-22,-69;-163,-21,-69;-163,-22,-68;-163,-21,-68;-163,-23,-67;-163,-22,-67;-163,-23,-66;-163,-22,-66;-162,-20,-76;-162,-19,-76;-162,-20,-75;-162,-21,-74;-162,-21,-73;-162,-20,-73;-162,-21,-72;-162,-20,-72;-162,-21,-71;-162,-21,-70;-162,-20,-70;-162,-22,-69;-162,-22,-68;-162,-22,-67;-162,-21,-67;-162,-23,-66;-162,-22,-66;-162,-24,-65;-161,-20,-76;-161,-19,-76;-161,-20,-75;-161,-19,-75;-161,-20,-74;-161,-20,-73;-161,-20,-72;-161,-21,-71;-161,-20,-71;-161,-21,-70;-161,-21,-69;-161,-22,-68;-161,-22,-67;-161,-23,-66;-161,-23,-65;-161,-22,-65;-161,-23,-64;-160,-21,-77;-160,-20,-77;-160,-20,-76;-160,-20,-75;-160,-19,-75;-160,-20,-74;-160,-20,-73;-160,-19,-73;-160,-20,-72;-160,-19,-72;-160,-20,-71;-160,-19,-71;-160,-21,-70;-160,-20,-70;-160,-21,-69;-160,-21,-68;-160,-20,-68;-160,-22,-67;-160,-22,-66;-160,-22,-65;-160,-21,-65;-160,-23,-64;-160,-27,-63;-160,-26,-63;-159,-20,-77;-159,-19,-77;-159,-20,-76;-159,-20,-75;-159,-19,-75;-159,-20,-74;-159,-19,-74;-159,-20,-73;-159,-19,-73;-159,-20,-72;-159,-20,-71;-159,-19,-71;-159,-20,-70;-159,-21,-69;-159,-20,-69;-159,-21,-68;-159,-20,-68;-159,-21,-67;-159,-20,-67;-159,-22,-66;-159,-21,-66;-159,-22,-65;-159,-21,-65;-159,-22,-64;-159,-21,-64;-159,-23,-63;-159,-22,-63;-158,-20,-77;-158,-19,-77;-158,-20,-76;-158,-20,-75;-158,-19,-75;-158,-20,-74;-158,-20,-73;-158,-19,-73;-158,-20,-72;-158,-19,-72;-158,-20,-71;-158,-20,-70;-158,-19,-70;-158,-20,-69;-158,-21,-68;-158,-20,-68;-158,-21,-67;-158,-20,-67;-158,-21,-66;-158,-22,-65;-158,-21,-65;-158,-22,-64;-158,-23,-63;-158,-22,-63;-158,-27,-62;-158,-26,-62;-157,-20,-76;-157,-20,-75;-157,-19,-75;-157,-20,-74;-157,-20,-73;-157,-20,-72;-157,-20,-71;-157,-19,-71;-157,-20,-70;-157,-20,-69;-157,-20,-68;-157,-21,-67;-157,-21,-66;-157,-21,-65;-157,-20,-65;-157,-22,-64;-157,-21,-64;-157,-23,-63;-157,-23,-62;-156,-20,-76;-156,-19,-76;-156,-20,-75;-156,-19,-75;-156,-21,-67;-156,-20,-67;-156,-21,-65;-156,-20,-65;-180,17,-72;-180,18,-72;-180,17,-71;-180,18,-71;-179,17,-71;-179,18,-71;-179,16,-70;-179,17,-70;-178,17,-71;-178,18,-71;-178,16,-70;-178,14,-69;-178,15,-69;-178,13,-68;-178,14,-67;-178,15,-67;-178,15,-66;-178,16,-66;-178,16,-65;-178,17,-64;-178,18,-64;-178,18,-63;-178,18,-62;-178,18,-61;-178,18,-60;-178,19,-60;-177,17,-71;-177,18,-71;-177,17,-70;-177,17,-69;-177,17,-68;-177,17,-67;-177,18,-67;-177,17,-66;-177,17,-65;-177,17,-64;-177,18,-64;-177,18,-63;-177,18,-62;-177,19,-62;-177,18,-61;-177,19,-61;-176,17,-72;-176,18,-72;-176,17,-71;-176,18,-70;-176,17,-69;-176,17,-68;-176,17,-67;-176,18,-67;-176,17,-66;-176,17,-65;-176,17,-64;-176,18,-64;-176,18,-63;-176,19,-63;-176,18,-62;-176,18,-61;-176,19,-61;-175,17,-71;-175,18,-71;-175,17,-70;-175,18,-70;-175,17,-69;-175,17,-68;-175,18,-68;-175,17,-67;-175,17,-66;-175,17,-65;-175,17,-64;-175,18,-64;-175,18,-63;-175,18,-62;-175,18,-61;-174,15,-72;-174,16,-71;-174,17,-71;-174,17,-70;-174,18,-70;-174,17,-69;-174,18,-69;-174,16,-68;-174,17,-67;-174,17,-66;-174,17,-65;-174,17,-64;-174,18,-64;-174,18,-63;-174,18,-62;-174,18,-61;-173,15,-71;-173,16,-71;-173,17,-70;-173,17,-69;-173,16,-68;-173,17,-67;-173,18,-67;-173,17,-66;-173,17,-65;-173,18,-65;-173,17,-64;-173,18,-63;-173,18,-62;-173,18,-61;-173,18,-60;-172,15,-71;-172,17,-70;-172,18,-70;-172,17,-69;-172,16,-68;-172,17,-67;-172,17,-66;-172,17,-65;-172,18,-65;-172,17,-64;-172,18,-63;-172,19,-63;-172,18,-62;-172,18,-61;-172,19,-61;-171,14,-71;-171,15,-71;-171,16,-70;-171,17,-69;-171,18,-69;-171,17,-68;-171,18,-68;-171,17,-67;-171,17,-66;-171,18,-66;-171,17,-65;-171,18,-65;-171,17,-64;-171,18,-64;-171,18,-63;-171,18,-62;-171,18,-61;-171,18,-60;-170,13,-71;-170,15,-70;-170,16,-70;-170,17,-69;-170,17,-68;-170,18,-68;-170,17,-67;-170,18,-67;-170,17,-66;-170,17,-65;-170,17,-64;-170,18,-64;-170,18,-63;-170,19,-63;-170,18,-62;-170,19,-62;-170,18,-61;-170,19,-61;-169,17,-64;-169,18,-64;-169,18,-62;-166,11,-77;-166,12,-77;-166,10,-76;-166,11,-76;-165,11,-77;-165,12,-77;-165,10,-76;-165,10,-75;-165,11,-75;-164,11,-78;-164,11,-77;-164,10,-76;-164,11,-76;-163,11,-78;-163,11,-77;-163,12,-77;-163,11,-76;-163,12,-76;-162,12,-78;-162,11,-77;-162,11,-76;-162,12,-76;-162,11,-75;-161,12,-78;-161,13,-78;-161,12,-77;-161,13,-77;-161,11,-76;-161,12,-76;-161,11,-75;-161,12,-75;-160,12,-77;-160,13,-77;-160,11,-76;-160,12,-76;-159,13,-78;-159,13,-77;-159,14,-77;-159,12,-76;-159,13,-76;-159,12,-75;-158,14,-78;-158,13,-77;-158,13,-76;-157,18,-84;-157,19,-84;-157,16,-79;-157,15,-78;-157,14,-77;-157,14,-76;-157,13,-75;-157,14,-75;-156,16,-78;-156,15,-77;-156,16,-77;-175,16,-72;-175,18,-60;-175,18,-58;-174,18,-60;-174,19,-60;-174,18,-59;-174,19,-59;-174,18,-58;-174,19,-58;-173,13,-73;-173,14,-72;-173,18,-59;-173,18,-58;-172,14,-72;-172,18,-60;-172,19,-60;-172,18,-59;-172,19,-59;-172,18,-58;-172,19,-58;-171,13,-72;-171,14,-72;-171,18,-59;-171,18,-58;-171,19,-58;-171,18,-57;-171,19,-57;-170,13,-72;-170,14,-72;-170,18,-60;-170,18,-59;-170,18,-58;-170,19,-58;-169,12,-72;-169,13,-72;-169,13,-71;-169,14,-71;-169,14,-70;-169,15,-70;-169,16,-69;-169,17,-68;-169,18,-68;-169,17,-67;-169,18,-67;-169,17,-66;-169,17,-65;-169,18,-65;-169,18,-63;-169,18,-61;-169,18,-60;-169,19,-60;-169,18,-59;-169,19,-59;-169,18,-58;-168,12,-71;-168,13,-71;-168,13,-70;-168,14,-70;-168,15,-69;-168,16,-69;-168,17,-68;-168,18,-68;-168,17,-67;-168,18,-67;-168,17,-66;-168,18,-66;-168,17,-65;-168,18,-65;-168,17,-64;-168,18,-63;-168,18,-62;-168,19,-62;-168,18,-61;-168,18,-60;-168,19,-60;-168,18,-59;-168,18,-58;-168,19,-58;-168,18,-57;-167,12,-71;-167,13,-70;-167,14,-69;-167,16,-68;-167,17,-68;-167,17,-67;-167,17,-66;-167,17,-65;-167,18,-65;-167,17,-64;-167,18,-64;-167,18,-63;-167,19,-63;-167,18,-62;-167,18,-61;-167,19,-61;-167,18,-60;-167,19,-60;-167,18,-59;-167,19,-59;-167,18,-58;-167,19,-58;-166,12,-70;-166,13,-70;-166,13,-69;-166,14,-69;-166,15,-68;-166,16,-68;-166,17,-67;-166,18,-67;-166,17,-66;-166,18,-66;-166,17,-65;-166,17,-64;-166,18,-64;-166,17,-63;-166,18,-63;-166,18,-62;-166,19,-62;-166,18,-61;-166,18,-60;-166,18,-59;-166,19,-59;-166,18,-58;-166,19,-58;-166,18,-57;-166,19,-57;-165,12,-69;-165,14,-68;-165,15,-68;-165,16,-67;-165,17,-67;-165,16,-66;-165,16,-65;-165,17,-65;-165,16,-64;-165,17,-64;-165,16,-63;-165,16,-62;-165,17,-61;-165,17,-60;-165,18,-60;-165,17,-59;-165,18,-59;-165,17,-58;-164,13,-68;-164,14,-67;-164,15,-66;-164,15,-65;-164,16,-65;-164,15,-64;-164,15,-63;-164,16,-63;-164,15,-62;-164,16,-62;-164,16,-61;-164,16,-60;-164,16,-59;-164,17,-59;-164,16,-58;-164,17,-58;-163,14,-61;-163,15,-61;-163,15,-60;-163,16,-60;-170,-23,-74;-170,-22,-74;-170,-23,-73;-170,-22,-73;-170,-23,-72;-170,-22,-72;-169,-23,-77;-169,-23,-76;-169,-22,-76;-169,-23,-75;-169,-22,-75;-169,-23,-74;-169,-23,-73;-169,-22,-73;-169,-23,-72;-169,-23,-71;-168,-23,-78;-168,-22,-78;-168,-23,-77;-168,-23,-76;-168,-22,-76;-168,-23,-75;-168,-23,-74;-168,-23,-73;-168,-22,-72;-168,-21,-72;-168,-23,-71;-168,-22,-71;-167,-23,-79;-167,-23,-78;-167,-22,-77;-167,-21,-77;-166,-23,-79;-166,-22,-78;-166,-22,-77;-165,-22,-78;-165,-21,-77;-165,-20,-77;-164,-22,-78;-163,-22,-79;-163,-21,-78;-163,-20,-78;-163,-21,-77;-163,-20,-77;-162,-22,-79;-162,-21,-78;-162,-20,-78;-162,-21,-77;-162,-20,-77;-161,-22,-79;-161,-21,-79;-161,-21,-78;-161,-20,-78;-161,-21,-77;-161,-20,-77;-160,-22,-79;-160,-21,-79;-160,-21,-78
PATCHSET step=9 gif=30 origin=-11,-5 name=lush_caves_vegetation n=0
PATCHDATA 
PATCHSET step=9 gif=30 origin=-11,-5 name=lush_caves_vegetation n=255
PATCHDATA -180,7,-72;-179,7,-72;-179,7,-71;-178,7,-71;-178,7,-70;-178,10,-69;-178,11,-68;-177,6,-72;-177,6,-71;-177,7,-69;-177,9,-68;-177,11,-67;-176,6,-70;-176,7,-69;-176,7,-68;-176,9,-67;-176,10,-66;-176,11,-65;-175,6,-70;-175,6,-69;-175,7,-68;-175,7,-67;-175,9,-66;-175,10,-65;-175,11,-64;-175,11,-63;-174,6,-69;-174,6,-68;-174,7,-67;-174,7,-66;-174,9,-65;-174,10,-64;-174,11,-63;-174,11,-62;-173,5,-69;-173,6,-68;-173,6,-67;-173,7,-66;-173,8,-65;-173,9,-64;-173,10,-63;-173,11,-62;-173,11,-61;-172,5,-69;-172,6,-67;-172,6,-66;-172,7,-65;-172,8,-64;-172,9,-63;-172,10,-62;-172,10,-61;-172,11,-60;-171,5,-68;-171,6,-67;-171,6,-66;-171,7,-65;-171,7,-64;-171,8,-63;-171,9,-62;-171,10,-61;-171,10,-60;-170,4,-71;-170,4,-70;-170,5,-68;-170,2,-67;-170,6,-66;-170,6,-65;-170,7,-64;-170,7,-63;-170,8,-62;-170,9,-61;-170,10,-60;-169,4,-71;-169,4,-70;-169,4,-69;-169,4,-68;-169,5,-67;-169,2,-66;-169,6,-65;-169,6,-64;-169,7,-63;-169,8,-62;-169,9,-61;-169,9,-60;-169,10,-59;-168,4,-71;-168,4,-70;-168,4,-69;-168,4,-68;-168,5,-67;-168,2,-66;-168,2,-65;-168,6,-64;-168,6,-63;-168,7,-62;-168,8,-61;-168,9,-60;-168,10,-59;-167,4,-71;-167,4,-70;-167,4,-69;-167,4,-68;-167,5,-67;-167,2,-66;-167,2,-65;-167,6,-64;-167,6,-63;-167,7,-62;-167,7,-61;-167,8,-60;-166,5,-70;-166,5,-69;-166,5,-68;-166,5,-67;-166,5,-66;-166,5,-65;-166,5,-64;-166,6,-63;-166,7,-62;-166,7,-61;-166,8,-60;-165,5,-71;-165,5,-64;-165,7,-61;-169,17,-69;-168,17,-69;-167,19,-70;-167,17,-69;-166,18,-70;-161,23,-74;-160,22,-74;-160,28,-72;-168,-28,-73;-168,-29,-72;-168,-28,-71;-168,-33,-68;-167,-28,-74;-167,-29,-73;-167,-31,-72;-167,-31,-71;-167,-33,-70;-167,-33,-69;-167,-33,-68;-166,-28,-76;-166,-29,-75;-166,-30,-74;-166,-31,-73;-166,-33,-72;-166,-33,-71;-166,-33,-70;-166,-33,-69;-166,-33,-68;-165,-28,-77;-165,-29,-76;-165,-30,-75;-165,-31,-74;-165,-33,-73;-165,-33,-72;-165,-33,-71;-165,-33,-70;-165,-33,-69;-165,-33,-68;-164,-28,-77;-164,-30,-76;-164,-31,-75;-164,-33,-74;-164,-33,-73;-164,-33,-72;-164,-33,-71;-164,-33,-70;-164,-33,-69;-164,-33,-68;-164,-33,-67;-163,-29,-77;-163,-31,-76;-163,-32,-75;-163,-33,-74;-163,-33,-73;-163,-33,-72;-163,-33,-71;-163,-33,-70;-163,-33,-69;-163,-33,-68;-162,-28,-78;-162,-29,-77;-162,-31,-76;-162,-33,-75;-162,-33,-74;-162,-33,-73;-162,-33,-72;-162,-33,-71;-162,-33,-70;-162,-33,-69;-162,-33,-68;-162,-33,-67;-161,-28,-78;-161,-30,-77;-161,-32,-76;-161,-33,-75;-161,-33,-74;-161,-33,-73;-161,-34,-72;-161,-34,-71;-161,-34,-70;-161,-34,-69;-161,-34,-68;-160,-28,-78;-160,-30,-77;-160,-32,-76;-160,-33,-75;-160,-33,-74;-160,-34,-73;-160,-34,-72;-160,-34,-71;-160,-34,-70;-160,-34,-69;-160,-34,-68;-159,-29,-78;-159,-31,-77;-159,-33,-76;-159,-33,-75;-159,-33,-74;-159,-34,-73;-159,-34,-72;-159,-34,-71;-159,-34,-70;-159,-34,-69;-159,-34,-68;-158,-28,-79;-158,-29,-78;-158,-31,-77;-158,-33,-76;-158,-33,-75;-158,-33,-74;-158,-34,-73;-158,-34,-72;-158,-34,-71;-158,-34,-70;-158,-34,-69;-158,-34,-68;-157,-34,-71;-165,6,-72;-165,5,-70;-164,6,-73;-164,6,-72;-164,6,-71;-164,6,-70;-164,5,-69;-163,6,-73;-163,6,-72;-163,6,-71;-163,6,-70;-162,6,-72;-162,6,-71;-162,6,-70
